0.10014104843139648,0,0,0,0
0.10010719299316406,0,0,0,0
0.10013127326965332,0,0,0,0
0.10012221336364746,0,0,0,0
0.10013389587402344,0,0,0,0
0.10012269020080566,0,0,0,0
0.10014009475708008,0,0,0,0
0.10013723373413086,0,0,0,0
0.10014176368713379,0,0,0,0
0.10016083717346191,0,0,0,0
0.10013747215270996,0,0,0,0
0.10013604164123535,0,0,0,0
0.10013818740844727,0,0,0,0
0.10007476806640625,0,0,0,0
0.10012555122375488,0,0,0,0
0.10012507438659668,0,0,0,0
0.1000831127166748,0,0,0,0
0.10013890266418457,0,0,0,0
0.10007762908935547,0,0,0,0
0.10013270378112793,0,0,0,0
0.10013318061828613,0,0,0,0
0.1001286506652832,0,0,0,0
0.10013842582702637,0,0,0,0
0.10013484954833984,0,0,0,0
0.10013008117675781,0,0,0,0
0.10012960433959961,0,0,0,0
0.10013699531555176,0,0,0,0
0.1001288890838623,0,0,0,0
0.10012578964233398,0,0,0,0
0.10013771057128906,0,0,0,0
0.10013723373413086,0,0,0,0
0.10013103485107422,0,0,0,0
0.10012674331665039,0,0,0,0
0.1001276969909668,0,0,0,0
0.10012960433959961,0,0,0,0
0.1001274585723877,0,0,0,0
0.1001274585723877,0,0,0,0
0.10005831718444824,0,0,0,0
0.10012459754943848,0,0,0,0
0.10013127326965332,0,0,0,0
0.10012531280517578,0,0,0,0
0.10014629364013672,1,1,0,0
0.10013699531555176,1,1,5,5
0.1001272201538086,1,1,5,5
0.10013175010681152,2,2,5,5
0.10013628005981445,2,2,10,10
0.10013580322265625,2,2,10,10
0.10013151168823242,3,3,10,10
0.10013747215270996,3,3,15,15
0.100128173828125,4,4,15,15
0.10013246536254883,4,4,20,20
0.10013294219970703,5,5,20,20
0.10013747215270996,6,6,25,25
0.10010242462158203,7,7,30,30
0.10013675689697266,8,8,35,35
0.10013246536254883,9,9,40,40
0.10013651847839355,10,10,45,45
0.10013270378112793,11,11,50,50
0.10013556480407715,12,12,56,56
0.10013699531555176,14,14,59,59
0.10013866424560547,15,15,70,70
0.10013747215270996,17,17,75,75
0.10013651847839355,18,18,85,85
0.10013341903686523,20,20,90,90
0.10013747215270996,18,18,100,100
0.10012555122375488,17,17,90,90
0.10013079643249512,15,15,85,85
0.10014057159423828,14,14,75,75
0.10013842582702637,12,12,70,70
0.10013628005981445,11,11,60,60
0.10005807876586914,10,10,55,55
0.10013580322265625,9,9,50,50
0.10013175010681152,8,8,45,45
0.10013675689697266,7,7,40,40
0.10013794898986816,6,6,35,35
0.10013055801391602,5,5,30,30
0.10014033317565918,4,4,25,25
0.10013818740844727,4,4,20,20
0.1001272201538086,3,3,20,20
0.10013794898986816,3,3,15,15
0.10012984275817871,2,2,15,15
0.10013508796691895,2,2,10,10
0.1001274585723877,1,2,10,10
0.10013604164123535,1,1,5,10
0.10013914108276367,1,1,5,5
0.10013771057128906,0,1,5,5
0.10013771057128906,1,1,0,5
0.10013628005981445,1,1,5,5
0.10012555122375488,2,2,5,5
0.10013532638549805,2,2,10,10
0.10013699531555176,2,2,10,10
0.10013651847839355,3,3,10,10
0.10013532638549805,3,3,15,15
0.10012984275817871,4,4,15,15
0.10015034675598145,4,4,20,20
0.10012650489807129,5,5,20,20
0.10012984275817871,6,6,25,25
0.1001291275024414,7,7,30,30
0.10012650489807129,8,8,35,35
0.10012149810791016,9,9,40,40
0.1001279354095459,10,10,45,45
0.10013103485107422,11,11,50,50
0.100128173828125,12,12,55,55
0.100128173828125,11,11,60,60
0.10013604164123535,10,10,55,55
0.10013794898986816,8,9,50,50
0.10012555122375488,7,8,40,45
0.10013771057128906,6,7,35,40
0.10013628005981445,6,6,30,35
0.10013818740844727,5,5,30,30
0.10016751289367676,4,4,25,25
0.10013556480407715,4,4,20,20
0.10016798973083496,3,3,20,20
0.10013246536254883,3,3,15,15
0.10013270378112793,2,3,15,15
0.1001279354095459,2,2,10,15
0.1001434326171875,1,2,10,10
0.10013794898986816,2,2,5,10
0.10013723373413086,2,2,10,10
0.10012674331665039,3,3,10,10
0.1001284122467041,3,3,15,15
0.10013747215270996,4,4,15,15
0.10013723373413086,4,4,20,20
0.1001441478729248,5,5,20,20
0.10012650489807129,6,6,25,25
0.10013985633850098,7,7,30,30
0.10013866424560547,8,8,35,35
0.10013580322265625,9,9,40,40
0.10013699531555176,10,10,45,45
0.10014009475708008,11,11,50,50
0.10012340545654297,12,13,55,55
0.10013866424560547,13,14,60,65
0.10013818740844727,15,16,65,70
0.10013794898986816,13,14,75,80
0.10086393356323242,12,12,65,70
0.10013747215270996,11,11,60,60
0.10012984275817871,10,10,55,55
0.10013628005981445,9,9,50,50
0.10016560554504395,8,8,45,45
0.10013008117675781,7,7,40,40
0.10015153884887695,6,6,35,35
0.10012984275817871,5,5,31,31
0.10009551048278809,4,5,24,24
0.10013651847839355,4,4,20,25
0.10013699531555176,3,3,20,20
0.10012960433959961,4,4,15,15
0.10013699531555176,4,4,20,20
0.10013604164123535,5,5,20,20
0.1001279354095459,6,6,25,25
0.10013794898986816,7,7,30,30
0.10013604164123535,8,8,35,35
0.10012650489807129,9,9,40,40
0.10013771057128906,10,10,45,45
0.1001291275024414,11,11,50,50
0.10013747215270996,12,12,55,55
0.1001434326171875,14,14,60,60
0.1001274585723877,15,15,70,70
0.10013651847839355,17,17,75,75
0.10013747215270996,18,18,85,85
0.10013604164123535,20,20,90,90
0.10013723373413086,21,21,100,100
0.10013747215270996,21,21,105,105
0.10013675689697266,21,21,104,104
0.10013985633850098,21,21,106,106
0.10013771057128906,20,20,106,106
0.10013723373413086,18,18,99,99
0.10013794898986816,16,16,90,90
0.10013628005981445,15,15,80,80
0.1001291275024414,13,13,75,75
0.10013794898986816,12,12,65,65
0.10013866424560547,11,10,60,60
0.10013532638549805,10,9,55,50
0.10013604164123535,9,8,50,45
0.1001286506652832,8,7,45,40
0.10013365745544434,7,6,40,35
0.10013723373413086,6,5,35,30
0.10012698173522949,5,5,30,25
0.10015010833740234,4,4,25,25
0.10013008117675781,4,3,20,20
0.1001291275024414,4,3,20,15
0.1001272201538086,3,2,20,15
0.10013103485107422,2,2,15,10
0.10013055801391602,2,2,10,10
0.10013008117675781,2,2,10,10
0.10019445419311523,3,3,10,10
0.10013866424560547,3,3,15,15
0.10012507438659668,4,4,15,15
0.10013890266418457,4,4,20,20
0.10013151168823242,5,5,20,20
0.1001133918762207,4,4,25,25
0.10014796257019043,4,4,20,20
0.10014533996582031,3,3,21,21
0.10013866424560547,4,4,14,14
0.10013794898986816,3,3,20,20
0.10013723373413086,3,3,15,15
0.10013699531555176,3,3,15,15
0.1001288890838623,3,3,15,15
0.10013413429260254,3,3,15,15
0.10013437271118164,3,3,15,15
0.10016012191772461,3,3,15,15
0.10013699531555176,3,3,15,15
0.10012984275817871,3,3,15,15
0.10013389587402344,3,3,15,15
0.10013604164123535,3,3,15,15
0.10013937950134277,4,4,15,15
0.10013794898986816,3,3,20,20
0.10014533996582031,3,3,15,15
0.10012960433959961,2,2,15,15
0.10013413429260254,3,3,10,10
0.10013556480407715,2,2,15,15
0.10013508796691895,3,3,10,10
0.10014843940734863,3,3,15,15
0.10013294219970703,3,3,15,15
0.10013723373413086,3,3,15,15
0.10013771057128906,3,2,15,15
0.10013723373413086,2,2,15,10
0.10010528564453125,3,3,10,10
0.10013651847839355,3,3,15,15
0.10013651847839355,3,3,15,15
0.10013747215270996,3,3,15,15
0.10013628005981445,3,3,15,15
0.10013818740844727,2,2,15,15
0.10013318061828613,2,2,10,10
0.10013508796691895,2,1,10,10
0.10015988349914551,1,1,10,5
0.10013794898986816,1,1,5,5
0.10013699531555176,1,1,5,5
0.10013198852539062,2,1,5,5
0.10013055801391602,1,1,10,5
0.10005807876586914,2,1,5,5
0.10013437271118164,2,1,10,5
0.10012984275817871,2,1,10,5
0.10013890266418457,1,1,10,5
0.10016083717346191,2,1,5,5
0.10013675689697266,2,1,10,5
0.10013532638549805,2,1,10,5
0.10014629364013672,2,1,10,5
0.10013175010681152,3,1,10,5
0.10013723373413086,3,2,15,5
0.1001272201538086,4,3,15,10
0.10013484954833984,3,2,20,15
0.10013890266418457,3,3,15,10
0.10013508796691895,4,4,15,15
0.1001291275024414,4,4,20,20
0.10013866424560547,5,5,20,20
0.10013771057128906,6,6,25,25
0.10013747215270996,6,6,30,30
0.10013842582702637,6,6,30,30
0.10013747215270996,5,5,30,30
0.10013628005981445,4,4,25,25
0.1001279354095459,4,4,20,20
0.10013175010681152,3,3,20,20
0.10012578964233398,3,3,15,15
0.10012626647949219,2,2,15,15
0.10013675689697266,2,2,10,10
0.10013723373413086,2,2,10,10
0.1001286506652832,2,2,10,10
0.10013985633850098,1,1,10,10
0.10013675689697266,1,1,5,5
0.10013723373413086,1,1,5,5
0.1001291275024414,0,1,5,5
0.10013842582702637,0,0,0,5
0.1001284122467041,0,0,0,0
0.1001279354095459,0,0,0,0
0.10013628005981445,0,0,0,0
0.10013079643249512,1,1,0,0
0.10013961791992188,1,1,5,5
0.10013747215270996,1,1,5,5
0.10014581680297852,2,2,5,5
0.10013484954833984,2,2,10,10
0.1001279354095459,3,3,10,10
0.10013794898986816,3,3,15,15
0.10013723373413086,3,3,15,15
0.10013270378112793,2,2,15,15
0.10013818740844727,2,2,10,10
0.10013103485107422,1,1,10,10
0.10013699531555176,1,1,5,5
0.10013532638549805,1,1,5,5
0.10013771057128906,0,1,5,5
0.10013318061828613,0,1,0,5
0.10013365745544434,0,0,0,5
0.10013890266418457,0,0,0,0
0.10012960433959961,0,0,0,0
0.10014128684997559,-1,1,0,0
0.10013556480407715,-1,1,-5,5
0.10013651847839355,-1,1,-5,5
0.10013484954833984,-2,2,-5,5
0.100128173828125,-2,2,-10,10
0.10013794898986816,-3,3,-10,10
0.10013866424560547,-3,3,-15,15
0.10013771057128906,-3,3,-15,15
0.10014009475708008,-2,2,-15,15
0.10013794898986816,-2,2,-10,10
0.10013055801391602,-1,1,-10,10
0.10013461112976074,-2,2,-5,5
0.10013628005981445,-2,2,-10,10
0.10013914108276367,-3,3,-10,10
0.1001284122467041,-3,3,-15,15
0.10012936592102051,-4,4,-15,15
0.10013103485107422,-5,5,-20,20
0.10012435913085938,-5,5,-25,25
0.10013604164123535,-5,5,-25,25
0.10013699531555176,-5,5,-25,25
0.10013723373413086,-5,5,-25,25
0.10013771057128906,-5,5,-25,25
0.1001272201538086,-5,5,-25,25
0.10013890266418457,-5,5,-25,25
0.10013747215270996,-5,5,-25,25
0.10013794898986816,-5,5,-25,25
0.10014677047729492,-5,5,-25,25
0.10015559196472168,-5,5,-25,25
0.10013747215270996,-5,5,-25,25
0.10013580322265625,-4,4,-25,25
0.10013747215270996,-3,3,-20,20
0.10013794898986816,-3,3,-15,15
0.10013461112976074,-2,2,-16,16
0.10013675689697266,-2,2,-10,10
0.10013723373413086,-1,1,-10,10
0.10013532638549805,-1,1,-5,5
0.10013651847839355,-1,1,-5,5
0.10013556480407715,0,0,-5,5
0.10012984275817871,-1,1,0,0
0.10013365745544434,-1,1,-5,5
0.10012960433959961,-1,1,-5,5
0.10013675689697266,-2,2,-5,5
0.10013484954833984,-2,2,-10,10
0.1001429557800293,-3,3,-10,10
0.10013246536254883,-3,3,-15,15
0.10013365745544434,-3,3,-15,15
0.10013937950134277,-2,2,-15,15
0.10013222694396973,-2,2,-10,10
0.10013961791992188,-1,1,-10,10
0.10014581680297852,-1,1,-5,5
0.10013723373413086,-1,1,-5,5
0.10013985633850098,0,0,-5,5
0.10013842582702637,0,0,0,0
0.10012459754943848,0,1,0,0
0.10013556480407715,0,1,0,5
0.10013937950134277,0,1,0,5
0.10013222694396973,1,1,0,5
0.10012292861938477,1,1,5,5
0.10013175010681152,2,2,5,5
0.10012936592102051,2,2,10,10
0.10013246536254883,2,2,10,10
0.10014033317565918,3,3,10,10
0.10013318061828613,3,3,15,15
0.10012316703796387,4,4,15,15
0.1001436710357666,4,4,20,20
0.10013985633850098,5,5,20,20
0.10012364387512207,6,6,26,26
0.10013604164123535,7,7,29,29
0.10012459754943848,8,8,35,35
0.10013437271118164,9,9,40,40
0.10013794898986816,10,10,45,45
0.10012245178222656,11,11,52,52
0.10013318061828613,12,12,55,55
0.10013437271118164,14,14,59,59
0.10013961791992188,15,15,70,70
0.10010743141174316,17,17,77,77
0.10013723373413086,18,18,85,85
0.10013246536254883,20,20,91,91
0.10013508796691895,18,18,99,99
0.10012364387512207,17,17,90,90
0.10013461112976074,15,15,85,85
0.10013151168823242,14,13,75,75
0.10013246536254883,12,12,68,63
0.10013437271118164,11,11,60,60
0.10008931159973145,10,10,56,56
0.10015225410461426,9,9,50,50
0.10013437271118164,8,7,45,45
0.10014033317565918,7,7,40,35
0.10012984275817871,6,6,35,35
0.10013294219970703,5,5,30,30
0.1001286506652832,4,4,25,25
0.10014533996582031,4,4,20,20
0.10016870498657227,3,3,20,20
0.1001286506652832,3,2,15,15
0.10012459754943848,3,2,15,10
0.10009908676147461,2,2,15,10
0.10012507438659668,2,2,10,10
0.10013270378112793,1,1,10,10
0.10013031959533691,1,1,5,5
0.10013437271118164,1,1,5,5
0.10013008117675781,1,1,5,5
0.10013055801391602,1,1,5,5
0.10014104843139648,1,1,5,5
0.1001272201538086,1,1,5,5
0.10013175010681152,0,0,5,5
0.10012245178222656,0,0,0,0
0.10013461112976074,0,0,0,0
0.1001288890838623,0,0,0,0
0.10013461112976074,0,0,0,0
0.10012960433959961,0,0,0,0
0.1001136302947998,0,0,0,0
0.10013222694396973,0,0,0,0
0.10013127326965332,0,0,0,0
0.10013508796691895,0,0,0,0
0.10013103485107422,0,0,0,0
0.10013055801391602,0,0,0,0
0.10013461112976074,0,0,0,0
0.10013246536254883,0,0,0,0
0.10013198852539062,0,0,0,0
0.10013031959533691,0,0,0,0
0.1001427173614502,0,0,0,0
0.10013556480407715,0,0,0,0
0.10013699531555176,0,0,0,0
0.10013461112976074,0,0,0,0
0.10013127326965332,0,0,0,0
0.10013604164123535,0,0,0,0
0.10013175010681152,0,0,0,0
0.10013246536254883,0,0,0,0
0.10013198852539062,0,0,0,0
0.1001286506652832,1,1,0,0
0.10013341903686523,0,0,5,5
0.10013580322265625,0,0,0,0
0.1001272201538086,0,0,0,0
0.10013747215270996,0,0,0,0
0.10013890266418457,0,0,0,0
0.10013914108276367,0,0,0,0
0.10006046295166016,0,0,0,0
0.1001288890838623,1,1,0,0
0.10013437271118164,1,1,5,5
0.10013794898986816,1,1,5,5
0.10013675689697266,2,1,5,5
0.10012960433959961,2,2,10,5
0.10013699531555176,2,2,10,10
0.10013699531555176,3,3,10,10
0.10013699531555176,3,3,15,15
0.10013699531555176,4,4,15,15
0.1001286506652832,4,4,20,20
0.10013651847839355,5,5,20,20
0.10013723373413086,6,6,25,25
0.10013890266418457,7,7,30,30
0.1001288890838623,8,8,35,35
0.10013866424560547,9,8,40,40
0.10013699531555176,10,9,45,40
0.10013413429260254,11,11,50,45
0.10013461112976074,13,12,56,56
0.10014510154724121,11,11,64,59
0.10012626647949219,10,10,55,55
0.10013556480407715,9,9,51,51
0.10012531280517578,8,8,44,44
0.10013818740844727,9,9,40,40
0.10013699531555176,10,10,45,45
0.10013723373413086,11,11,50,50
0.10013842582702637,12,12,56,56
0.10013628005981445,14,14,59,59
0.10013675689697266,15,15,70,70
0.10012531280517578,17,17,75,75
0.10013556480407715,18,18,85,85
0.10013604164123535,20,20,90,90
0.10017108917236328,22,21,100,100
0.10013008117675781,20,19,110,105
0.10013866424560547,18,18,101,96
0.10013818740844727,16,16,90,90
0.10012340545654297,15,15,80,80
0.10013556480407715,13,13,75,75
0.10013818740844727,12,12,65,65
0.10048794746398926,10,10,61,61
0.10013628005981445,9,9,50,50
0.10013389587402344,8,8,45,45
0.10014581680297852,7,7,40,40
0.10013413429260254,6,6,35,35
0.10013175010681152,6,6,30,30
0.10017752647399902,5,5,30,30
0.10013651847839355,4,4,25,25
0.100128173828125,4,4,20,20
0.10013818740844727,4,4,20,20
0.10013604164123535,5,5,20,20
0.1001424789428711,6,6,25,25
0.10013842582702637,6,6,30,30
0.10013365745544434,7,7,30,30
0.10006403923034668,6,6,35,35
0.10013699531555176,6,6,30,30
0.10013628005981445,5,5,30,30
0.10012960433959961,4,4,25,25
0.10013818740844727,4,4,20,20
0.10012602806091309,3,3,20,20
0.1001284122467041,3,3,15,15
0.10013198852539062,2,2,15,15
0.10013937950134277,2,2,10,10
0.10014915466308594,2,2,10,10
0.1001276969909668,3,3,10,10
0.10013580322265625,3,3,15,15
0.10013651847839355,4,4,15,15
0.10012936592102051,4,4,20,20
0.10013675689697266,5,5,20,20
0.10013651847839355,6,6,25,25
0.10013914108276367,6,6,30,30
0.10013580322265625,6,6,30,30
0.10013484954833984,5,5,30,30
0.10013365745544434,4,4,25,25
0.10013675689697266,4,4,20,20
0.10013675689697266,3,3,20,20
0.10013747215270996,3,2,15,15
0.10013484954833984,3,2,15,10
0.10012936592102051,2,1,15,10
0.10013771057128906,2,1,10,5
0.1001291275024414,1,1,10,5
0.1001274585723877,1,1,5,5
0.10014128684997559,1,1,5,5
0.10013461112976074,1,1,5,5
0.10013675689697266,2,2,5,5
0.10013651847839355,2,2,10,10
0.10016822814941406,3,3,10,10
0.10013246536254883,3,3,15,15
0.10013747215270996,4,3,15,15
0.10013461112976074,4,4,20,15
0.10013532638549805,5,5,20,20
0.10012626647949219,6,6,25,25
0.10013771057128906,7,6,30,30
0.10013723373413086,8,7,35,30
0.10012412071228027,8,8,40,35
0.10013747215270996,9,9,40,40
0.10013723373413086,10,10,45,45
0.10013651847839355,12,12,50,50
0.10013628005981445,13,13,60,60
0.10013651847839355,12,12,65,65
0.10013794898986816,11,10,60,60
0.10013556480407715,10,9,55,50
0.10013747215270996,9,8,50,45
0.10013866424560547,8,7,45,40
0.10013794898986816,7,6,40,35
0.10013794898986816,6,6,35,30
0.1001443862915039,6,6,30,30
0.10013818740844727,7,7,30,30
0.10013532638549805,8,8,35,35
0.10013318061828613,9,9,40,40
0.1001272201538086,10,10,46,46
0.10013556480407715,12,12,50,50
0.10013604164123535,13,13,60,60
0.10013556480407715,15,15,65,65
0.10013437271118164,16,16,76,76
0.10013413429260254,18,18,79,79
0.10013723373413086,16,16,90,90
0.10013031959533691,15,14,81,81
0.10013055801391602,16,16,76,71
0.10013628005981445,18,17,78,78
0.10013628005981445,16,16,90,85
0.10018157958984375,15,14,80,80
0.10013628005981445,13,13,75,70
0.10013771057128906,12,12,65,65
0.10013699531555176,11,10,62,62
0.10013866424560547,10,9,54,49
0.10014796257019043,9,8,50,45
0.10012459754943848,8,7,45,40
0.10012698173522949,7,6,40,35
0.10014081001281738,7,5,35,30
0.10012507438659668,7,6,35,25
0.10013651847839355,8,7,35,30
0.10013723373413086,7,6,40,35
0.10012435913085938,6,5,35,30
0.10012340545654297,5,5,31,25
0.10013580322265625,5,4,25,25
0.1001286506652832,4,3,25,20
0.10012960433959961,4,3,20,15
0.10013866424560547,3,2,20,15
0.10013461112976074,3,1,15,10
0.10013580322265625,3,1,15,5
0.10012483596801758,3,0,15,5
0.10013723373413086,3,0,15,0
0.10013270378112793,3,0,15,0
0.10013484954833984,3,-1,15,0
0.10013747215270996,3,-2,15,-5
0.10013461112976074,4,-3,15,-10
0.10013675689697266,4,-4,20,-15
0.10013914108276367,5,-5,20,-20
0.10013866424560547,5,-5,25,-25
0.10013794898986816,5,-5,25,-25
0.1001274585723877,5,-5,25,-25
0.10013055801391602,5,-5,25,-25
0.10014081001281738,5,-5,25,-25
0.10013747215270996,5,-5,25,-25
0.10013604164123535,5,-5,25,-25
0.10013985633850098,5,-5,25,-25
0.10013651847839355,5,-5,25,-25
0.10012578964233398,5,-5,25,-25
0.10013723373413086,5,-5,25,-25
0.10013675689697266,5,-5,25,-25
0.10013437271118164,5,-5,25,-25
0.10013747215270996,5,-5,25,-25
0.1001272201538086,4,-4,25,-25
0.10013580322265625,3,-3,20,-20
0.10014152526855469,3,-3,15,-15
0.10005617141723633,2,-2,15,-15
0.10013866424560547,2,-2,10,-10
0.10013866424560547,2,-2,10,-10
0.10013794898986816,3,-3,10,-10
0.10013508796691895,2,-2,15,-15
0.10012698173522949,2,-2,10,-10
0.1001274585723877,1,-1,10,-10
0.1001434326171875,2,-2,5,-5
0.10014152526855469,1,-1,10,-10
0.10012984275817871,1,-1,5,-5
0.10013699531555176,1,-1,5,-5
0.10013413429260254,0,0,5,-5
0.10013771057128906,0,0,0,0
0.10013675689697266,0,0,0,0
0.10012388229370117,0,0,0,0
0.10012149810791016,0,0,0,0
0.10012340545654297,0,0,0,0
0.10013413429260254,0,0,0,0
0.10013604164123535,0,0,0,0
0.10013031959533691,0,0,0,0
0.10013794898986816,0,0,0,0
0.1001272201538086,1,0,0,0
0.10013937950134277,1,1,5,0
0.10013675689697266,1,1,5,5
0.10013628005981445,2,2,5,5
0.10013628005981445,2,2,10,10
0.10012459754943848,2,2,10,10
0.10013771057128906,3,3,10,10
0.10013461112976074,3,3,15,15
0.10014033317565918,4,4,15,15
0.10013699531555176,4,4,20,20
0.10013604164123535,5,5,20,20
0.10013866424560547,6,6,25,25
0.10014081001281738,7,7,30,30
0.10010337829589844,8,8,35,35
0.10013723373413086,9,9,40,40
0.10013628005981445,10,10,45,45
0.10013294219970703,11,11,50,50
0.10010409355163574,12,12,55,55
0.10013771057128906,14,14,60,60
0.1001276969909668,15,15,70,70
0.1001279354095459,17,17,75,75
0.10013651847839355,18,18,86,86
0.10013675689697266,20,20,89,89
0.10012531280517578,21,21,100,100
0.10013437271118164,21,21,106,106
0.10013151168823242,21,21,105,105
0.100128173828125,21,21,105,105
0.10012960433959961,21,21,105,105
0.10012412071228027,21,21,105,105
0.10014843940734863,21,21,105,105
0.10013437271118164,21,21,105,105
0.10013294219970703,20,20,105,105
0.10013771057128906,18,18,101,101
0.1001288890838623,16,16,90,90
0.10013723373413086,15,15,80,80
0.10013031959533691,13,13,75,75
0.10013675689697266,12,12,65,65
0.10013461112976074,13,13,60,60
0.10012960433959961,15,15,65,65
0.10013771057128906,16,16,75,75
0.10013699531555176,18,18,80,80
0.10013747215270996,19,20,90,90
0.10013747215270996,18,18,95,100
0.10013604164123535,16,16,90,90
0.10013771057128906,15,15,80,80
0.10014486312866211,13,13,75,75
0.1001429557800293,12,12,65,65
0.10013294219970703,10,11,60,60
0.10013818740844727,9,10,50,55
0.10012578964233398,8,9,45,50
0.10012650489807129,7,8,40,45
0.10013413429260254,6,7,35,40
0.1001286506652832,5,6,30,35
0.10013604164123535,5,5,25,30
0.10013747215270996,5,6,25,25
0.10012316703796387,6,7,25,30
0.10012412071228027,7,8,30,35
0.10006546974182129,8,9,35,40
0.10013723373413086,7,8,40,45
0.10013008117675781,6,7,35,40
0.10012483596801758,5,6,30,35
0.10013318061828613,5,5,25,30
0.10013365745544434,4,5,25,25
0.10013866424560547,4,6,20,25
0.10013508796691895,5,6,20,30
0.10013675689697266,4,6,25,30
0.10008859634399414,4,5,20,30
0.10013818740844727,3,4,20,25
0.10013675689697266,4,4,15,20
0.10013771057128906,5,5,20,20
0.10015392303466797,6,6,25,25
0.10013556480407715,6,6,30,30
0.10013818740844727,7,7,30,30
0.10013723373413086,8,8,35,35
0.10013175010681152,9,10,40,40
0.1001291275024414,10,11,45,50
0.10013747215270996,12,12,50,55
0.10012507438659668,13,13,60,60
0.10013675689697266,15,15,65,65
0.10013437271118164,16,16,75,75
0.10013365745544434,18,18,80,80
0.10013246536254883,19,20,91,91
0.10013628005981445,21,21,95,100
0.10013151168823242,21,21,106,106
0.10013628005981445,21,21,105,105
0.10013794898986816,21,21,106,106
0.10013699531555176,21,21,105,105
0.10013604164123535,21,21,105,105
0.10012984275817871,21,21,105,105
0.10013818740844727,20,20,105,105
0.10013008117675781,18,18,100,100
0.10013604164123535,16,16,90,90
0.10013604164123535,15,14,80,80
0.10013675689697266,13,13,75,70
0.10013628005981445,12,11,65,65
0.10013008117675781,11,10,60,55
0.10013747215270996,10,9,55,50
0.10013532638549805,9,8,50,45
0.10013413429260254,8,7,45,40
0.1001424789428711,7,6,40,35
0.10013771057128906,7,5,35,30
0.10013508796691895,6,4,35,25
0.10013413429260254,5,4,30,20
0.10014820098876953,4,3,25,20
0.10013341903686523,3,3,20,15
0.10013318061828613,4,3,15,15
0.10013484954833984,4,4,20,15
0.10005831718444824,5,5,20,20
0.10013842582702637,6,6,25,25
0.10013413429260254,6,6,30,30
0.10013771057128906,7,7,30,30
0.1001274585723877,8,8,35,35
0.10013079643249512,9,9,40,40
0.10013699531555176,10,10,45,45
0.100128173828125,9,9,50,50
0.10013866424560547,8,8,45,45
0.10012316703796387,7,7,40,40
0.10013365745544434,6,6,35,35
0.10013842582702637,6,6,30,30
0.10013508796691895,5,5,30,30
0.10012459754943848,5,4,25,25
0.10013127326965332,4,3,25,20
0.1001441478729248,3,3,20,15
0.10008549690246582,3,3,15,15
0.10013365745544434,2,2,15,15
0.10013628005981445,3,2,10,10
0.10013437271118164,3,3,15,10
0.10013675689697266,4,3,15,15
0.10012960433959961,3,3,20,15
0.1001429557800293,3,3,15,15
0.10013723373413086,3,3,15,15
0.10013556480407715,4,4,15,15
0.10013699531555176,4,4,20,20
0.10013461112976074,5,5,20,20
0.10015749931335449,6,6,25,25
0.10013723373413086,5,5,30,30
0.10013675689697266,4,4,25,25
0.10013484954833984,4,4,20,20
0.10013842582702637,4,4,20,20
0.10013771057128906,5,5,20,20
0.10013556480407715,6,6,25,25
0.10013675689697266,5,5,30,30
0.10013651847839355,4,4,25,25
0.1001279354095459,4,4,20,20
0.10007143020629883,3,3,20,20
0.10013198852539062,3,3,15,15
0.10012984275817871,3,3,15,15
0.10011959075927734,4,4,15,15
0.10013914108276367,3,3,20,20
0.10012936592102051,3,3,15,15
0.1001279354095459,2,2,15,15
0.10013699531555176,2,2,10,10
0.1001284122467041,1,1,10,10
0.10005712509155273,1,1,5,5
0.10013389587402344,1,1,5,5
0.1001274585723877,1,0,5,5
0.10012984275817871,1,0,5,0
0.10013556480407715,0,0,5,0
0.10013103485107422,0,0,0,0
0.10013699531555176,0,0,0,0
0.10005569458007812,1,-1,0,0
0.10013628005981445,1,-1,5,-5
0.10013842582702637,1,-1,5,-5
0.10013747215270996,2,-2,5,-5
0.10012555122375488,2,-2,10,-10
0.10013842582702637,3,-3,10,-10
0.10012984275817871,3,-3,15,-15
0.10013794898986816,4,-4,15,-15
0.1001286506652832,5,-5,20,-20
0.10012960433959961,5,-5,25,-25
0.10014152526855469,5,-5,25,-25
0.10013246536254883,5,-5,25,-25
0.1001276969909668,5,-5,25,-25
0.10013532638549805,5,-5,25,-25
0.10110116004943848,5,-5,25,-25
0.10013556480407715,5,-5,25,-25
0.10014557838439941,5,-5,25,-25
0.10013866424560547,5,-5,25,-25
0.10013484954833984,5,-5,25,-25
0.10013747215270996,5,-5,25,-25
0.10038185119628906,5,-5,25,-25
0.10013699531555176,5,-5,25,-25
0.10013604164123535,5,-5,25,-25
0.10013747215270996,5,-5,25,-25
0.1001291275024414,5,-5,25,-25
0.10014533996582031,5,-5,26,-26
0.10013675689697266,5,-5,24,-24
0.10013818740844727,5,-5,25,-25
0.10013580322265625,4,-4,25,-25
0.10013699531555176,3,-3,20,-20
0.100128173828125,3,-3,15,-15
0.10013866424560547,2,-2,15,-15
0.10013699531555176,2,-2,10,-10
0.10014963150024414,1,-1,10,-10
0.10013628005981445,1,-1,5,-5
0.10013628005981445,1,-1,5,-5
0.10012459754943848,2,-2,5,-5
0.10013699531555176,2,-2,10,-10
0.10014772415161133,2,-2,10,-10
0.10014128684997559,1,-1,10,-10
0.10013484954833984,1,-1,5,-5
0.10013556480407715,1,-1,5,-5
0.10012435913085938,0,0,5,-5
0.10013628005981445,0,0,0,0
0.10013461112976074,1,0,0,0
0.10012602806091309,1,0,5,0
0.10013079643249512,1,0,5,0
0.10013198852539062,1,1,5,0
0.10013365745544434,1,0,5,5
0.1001286506652832,0,0,5,0
0.10013937950134277,0,0,0,0
0.10014176368713379,0,0,0,0
0.10013723373413086,0,0,0,0
0.10013437271118164,0,0,0,0
0.1001286506652832,0,0,0,0
0.10013747215270996,0,0,0,0
0.10013723373413086,0,0,0,0
0.10013723373413086,-1,1,0,0
0.10012984275817871,0,0,-5,5
0.10013747215270996,0,0,0,0
0.10014486312866211,0,0,0,0
0.1001288890838623,0,0,0,0
0.10014748573303223,0,0,0,0
0.10013651847839355,0,0,0,0
0.10013723373413086,0,0,0,0
0.10014128684997559,0,0,0,0
0.10013771057128906,0,0,0,0
0.10012984275817871,-1,1,0,0
0.10013699531555176,-1,1,-5,5
0.10013270378112793,-1,1,-5,5
0.10013771057128906,-1,1,-5,5
0.10013365745544434,-1,1,-5,5
0.10013771057128906,0,0,-5,5
0.1001591682434082,0,0,0,0
0.1001291275024414,0,0,0,0
0.10013604164123535,0,0,0,0
0.10013771057128906,0,0,0,0
0.10013556480407715,-1,1,0,0
0.10007190704345703,-1,1,-5,5
0.10015010833740234,-1,1,-5,5
0.10013556480407715,-2,2,-5,5
0.10013771057128906,-1,1,-10,10
0.10012388229370117,-1,1,-5,5
0.1001436710357666,-1,1,-5,5
0.10013222694396973,0,0,-5,5
0.1001272201538086,0,0,0,0
0.10013866424560547,0,0,0,0
0.10013723373413086,0,0,0,0
0.10013604164123535,0,0,0,0
0.10013699531555176,0,0,0,0
0.10013866424560547,0,0,0,0
0.1001291275024414,0,0,0,0
0.10013699531555176,0,0,0,0
0.10013604164123535,1,1,0,0
0.10005712509155273,1,1,5,5
0.10013794898986816,1,1,5,5
0.1001434326171875,2,2,5,5
0.10013747215270996,2,2,10,10
0.10012507438659668,2,2,10,10
0.10014653205871582,3,3,10,10
0.10013580322265625,3,3,15,15
0.10013103485107422,4,4,15,15
0.10013628005981445,4,4,20,20
0.10014224052429199,5,5,20,20
0.10012698173522949,6,6,25,25
0.10012984275817871,7,7,30,30
0.10014104843139648,8,7,35,35
0.10012936592102051,9,8,40,35
0.10013365745544434,10,9,45,40
0.10012650489807129,11,11,50,45
0.10013151168823242,10,9,55,55
0.10013771057128906,9,8,50,45
0.10013628005981445,8,8,45,40
0.10012650489807129,7,7,40,40
0.10013151168823242,6,6,37,37
0.10013604164123535,5,5,28,28
0.1001284122467041,5,4,25,25
0.10012531280517578,5,5,25,20
0.10013198852539062,6,6,25,25
0.10013413429260254,7,7,30,30
0.10013270378112793,8,8,35,35
0.10013842582702637,9,9,40,40
0.1001436710357666,10,10,45,45
0.10013794898986816,11,11,50,50
0.10013747215270996,12,12,55,55
0.10012602806091309,14,14,60,60
0.10013723373413086,15,15,70,70
0.1001284122467041,17,17,75,75
0.10005784034729004,18,18,85,85
0.10012555122375488,20,20,90,90
0.10021471977233887,21,21,100,100
0.10010504722595215,21,21,105,105
0.10013604164123535,21,21,105,105
0.10012269020080566,21,21,105,105
0.10013484954833984,20,20,105,105
0.10012936592102051,18,18,99,99
0.10013008117675781,16,16,91,91
0.10013675689697266,15,15,80,80
0.10013866424560547,13,13,75,75
0.10013818740844727,12,12,65,65
0.10013604164123535,10,11,60,60
0.10014486312866211,9,10,50,55
0.10013651847839355,8,9,45,50
0.10013628005981445,7,8,40,45
0.10013222694396973,6,7,35,40
0.10013484954833984,4,7,30,35
0.10013747215270996,3,6,20,35
0.10012674331665039,3,5,15,30
0.10013580322265625,3,5,15,25
0.10013675689697266,2,4,15,25
0.10006570816040039,2,4,10,20
0.10013580322265625,1,3,10,20
0.10013628005981445,1,3,5,15
0.10013628005981445,1,2,5,15
0.10006475448608398,0,2,5,10
0.10013413429260254,0,2,0,10
0.10013651847839355,0,2,0,10
0.10012483596801758,-1,2,0,10
0.10013556480407715,-1,1,-5,10
0.10013675689697266,0,1,-5,5
0.10012412071228027,0,1,0,5
0.10013508796691895,0,1,0,5
0.10013532638549805,0,2,0,5
0.1001291275024414,1,2,0,10
0.10013699531555176,1,2,5,10
0.10013628005981445,2,2,5,10
0.10013198852539062,3,3,10,10
0.10013842582702637,3,3,15,15
0.1001274585723877,4,4,15,15
0.10013842582702637,4,4,20,20
0.10007238388061523,5,5,20,20
0.10013699531555176,6,6,25,25
0.10012936592102051,6,6,30,30
0.10013365745544434,7,7,30,30
0.10013461112976074,8,8,35,35
0.1001272201538086,9,9,40,40
0.10012245178222656,10,10,45,45
0.10013771057128906,12,12,50,50
0.1001284122467041,13,13,60,60
0.10013127326965332,15,15,65,65
0.10013699531555176,13,13,75,75
0.10013890266418457,12,12,65,65
0.10012602806091309,11,10,60,60
0.10013651847839355,10,9,55,50
0.10013580322265625,9,8,50,45
0.10013651847839355,8,7,45,40
0.1001284122467041,7,6,40,35
0.10012435913085938,7,4,35,30
0.10013914108276367,6,3,35,20
0.10013866424560547,6,2,30,15
0.1001286506652832,6,1,30,10
0.10013890266418457,6,0,30,5
0.10013747215270996,6,0,30,0
0.1001276969909668,5,0,30,0
0.10013818740844727,4,0,25,0
0.10012412071228027,3,0,20,0
0.10013842582702637,3,0,15,0
0.10013723373413086,3,-1,15,0
0.10013866424560547,3,-1,15,-5
0.1001288890838623,2,-1,15,-5
0.10013747215270996,1,-1,10,-5
0.10013628005981445,1,0,5,-5
0.10013794898986816,1,0,5,0
0.1001291275024414,1,0,5,0
0.1001284122467041,2,0,5,0
0.10012650489807129,3,0,10,0
0.10013103485107422,3,0,15,0
0.10013461112976074,4,0,15,0
0.10013508796691895,4,1,20,0
0.10013699531555176,4,2,20,5
0.10012459754943848,5,3,20,10
0.10013437271118164,5,4,25,15
0.1001899242401123,6,4,25,20
0.10013675689697266,6,5,30,20
0.10012674331665039,7,6,30,25
0.10012984275817871,8,7,35,30
0.1000981330871582,8,8,40,35
0.10013532638549805,9,9,40,40
0.10013794898986816,10,10,45,45
0.10012578964233398,9,9,50,50
0.10013794898986816,8,9,45,45
0.10013794898986816,7,8,40,45
0.1001291275024414,6,7,35,40
0.10013747215270996,5,6,30,35
0.10013413429260254,4,6,25,30
0.10013747215270996,3,5,20,30
0.10013699531555176,2,5,15,25
0.10013675689697266,2,5,10,25
0.10013771057128906,1,4,10,25
0.10013651847839355,0,4,5,20
0.10013389587402344,0,4,0,20
0.1001443862915039,1,4,0,20
0.1002187728881836,1,4,5,20
0.10013842582702637,2,4,5,20
0.10012531280517578,3,4,10,20
0.10013628005981445,3,5,15,20
0.10012960433959961,4,6,15,25
0.10013580322265625,4,7,20,30
0.10013222694396973,5,8,20,35
0.10013103485107422,5,10,25,40
0.10015392303466797,6,11,25,50
0.10013532638549805,7,12,30,55
0.10013198852539062,9,12,35,60
0.10011577606201172,10,14,45,60
0.10013747215270996,11,15,50,70
0.10013651847839355,13,16,55,75
0.10011506080627441,15,17,65,80
0.10013818740844727,17,19,75,85
0.10013198852539062,15,17,85,95
0.10013651847839355,14,15,75,85
0.10013151168823242,13,14,70,75
0.10013675689697266,11,12,65,70
0.10013675689697266,10,11,55,60
0.10013628005981445,12,12,50,55
0.10013818740844727,13,13,61,61
0.1001276969909668,15,15,65,65
0.10013890266418457,13,13,75,75
0.10013866424560547,12,12,65,65
0.10012936592102051,11,10,60,60
0.10013651847839355,10,9,55,50
0.10014176368713379,9,8,50,45
0.10013747215270996,8,7,45,40
0.10013794898986816,7,6,40,35
0.10007953643798828,6,5,35,30
0.10013580322265625,6,4,30,25
0.10013747215270996,5,4,30,20
0.10013079643249512,6,4,25,20
0.10013961791992188,6,5,30,20
0.10013532638549805,7,6,30,25
0.1001439094543457,9,6,35,30
0.10013961791992188,10,7,45,30
0.10013842582702637,11,8,50,35
0.10013914108276367,13,8,55,40
0.10013341903686523,14,9,65,40
0.10013723373413086,13,8,70,45
0.10013723373413086,11,8,65,40
0.10013794898986816,10,7,55,40
0.10014867782592773,9,6,50,35
0.10013508796691895,7,6,45,30
0.10013604164123535,7,4,35,30
0.10012555122375488,8,5,35,20
0.10013794898986816,7,4,40,25
0.10013675689697266,7,3,35,20
0.10013723373413086,6,2,35,15
0.10013771057128906,5,2,30,10
0.10013341903686523,4,2,25,10
0.10013318061828613,4,2,20,10
0.10016942024230957,3,1,20,10
0.10013675689697266,2,1,15,5
0.10013747215270996,2,1,10,5
0.10013628005981445,1,1,10,5
0.10013556480407715,1,0,5,5
0.10013937950134277,1,0,5,0
0.10012555122375488,1,1,5,0
0.10013556480407715,1,1,5,5
0.10013580322265625,2,1,5,5
0.10013771057128906,2,1,10,5
0.10013461112976074,3,1,10,5
0.10014820098876953,4,2,15,5
0.10013699531555176,4,2,20,10
0.10013628005981445,5,2,20,10
0.10012984275817871,5,1,25,10
0.10013198852539062,4,1,25,5
0.10013103485107422,3,1,20,5
0.10012340545654297,3,1,15,5
0.10013818740844727,3,0,15,5
0.10013294219970703,3,0,15,0
0.10013580322265625,3,0,15,0
0.10013985633850098,3,-1,15,0
0.10012674331665039,3,-1,15,-5
0.10013437271118164,3,-2,15,-5
0.10013246536254883,3,-3,15,-10
0.1001284122467041,4,-4,15,-15
0.10014033317565918,5,-5,20,-20
0.10013151168823242,5,-5,25,-25
0.10012269020080566,5,-5,25,-25
0.10012507438659668,5,-5,25,-25
0.10013127326965332,5,-5,25,-25
0.10013723373413086,5,-5,24,-24
0.10013389587402344,5,-5,26,-26
0.1001279354095459,5,-5,24,-24
0.10013818740844727,5,-5,25,-25
0.10013604164123535,5,-5,25,-25
0.10013508796691895,5,-5,25,-25
0.10013127326965332,5,-5,25,-25
0.1001431941986084,5,-5,25,-25
0.10013699531555176,5,-5,25,-25
0.10013389587402344,5,-4,26,-26
0.10014057159423828,5,-4,25,-20
0.10013604164123535,5,-4,25,-20
0.10013556480407715,5,-3,25,-20
0.10013318061828613,5,-2,25,-15
0.10013341903686523,5,-2,25,-10
0.10013628005981445,7,-3,25,-10
0.10013413429260254,6,-1,35,-15
0.10013437271118164,6,0,30,-5
0.10013389587402344,6,0,30,0
0.10013556480407715,6,1,30,0
0.10014486312866211,6,2,30,5
0.10013747215270996,5,1,30,10
0.10013246536254883,4,1,25,5
0.10013866424560547,4,1,19,5
0.10013437271118164,3,1,21,5
0.10013461112976074,2,1,15,5
0.10013628005981445,2,1,10,5
0.10013389587402344,1,0,10,5
0.10013771057128906,1,0,5,0
0.10012674331665039,0,0,5,0
0.10007309913635254,0,0,0,0
0.10016727447509766,0,0,0,0
0.10012960433959961,0,0,0,0
0.10013079643249512,0,0,0,0
0.10012936592102051,0,0,0,0
0.10013365745544434,0,0,0,0
0.1001431941986084,0,0,0,0
0.10013008117675781,0,1,0,0
0.10013771057128906,0,1,0,5
0.10013461112976074,0,2,0,5
0.10013437271118164,0,2,0,10
0.10014104843139648,0,2,0,10
0.10013008117675781,0,2,0,10
0.1001291275024414,0,1,0,10
0.10013270378112793,0,1,0,5
0.10013175010681152,-1,1,0,5
0.10016417503356934,-1,1,-5,5
0.1001436710357666,-1,2,-5,5
0.10013103485107422,-1,2,-5,10
0.10012960433959961,-1,3,-5,10
0.10013008117675781,-2,4,-5,15
0.10013246536254883,-1,3,-10,20
0.10013747215270996,-1,2,-5,15
0.10013294219970703,-1,2,-5,10
0.10013294219970703,-1,1,-5,10
0.10009169578552246,-1,1,-5,5
0.1001284122467041,-1,2,-5,5
0.10013532638549805,-2,3,-5,10
0.10013675689697266,-2,3,-10,15
0.1000969409942627,-2,4,-10,15
0.10013532638549805,-3,5,-10,20
0.10013222694396973,-3,6,-15,25
0.10013818740844727,-3,7,-15,30
0.10013890266418457,-2,7,-15,35
0.10013365745544434,-2,7,-10,35
0.10013437271118164,-1,8,-10,35
0.1001596450805664,-1,8,-5,40
0.10013270378112793,-1,7,-5,40
0.10013508796691895,0,6,-5,35
0.10013651847839355,0,5,0,30
0.10013341903686523,0,4,0,25
0.10013389587402344,0,3,0,20
0.10013270378112793,0,3,0,15
0.10014081001281738,0,3,0,15
0.10013675689697266,1,4,0,15
0.10013008117675781,2,4,5,20
0.10013818740844727,3,4,10,20
0.10013556480407715,3,4,15,20
0.10014820098876953,3,4,15,20
0.10013747215270996,2,3,15,20
0.10013699531555176,2,3,10,15
0.10013651847839355,2,2,10,15
0.10012984275817871,2,2,10,10
0.10013723373413086,1,1,10,10
0.10013771057128906,1,1,5,5
0.1001279354095459,1,0,5,5
0.1001272201538086,1,0,5,0
0.10013484954833984,1,0,5,0
0.10013055801391602,1,0,5,0
0.10013556480407715,0,0,5,0
0.10013818740844727,1,-1,0,0
0.10013628005981445,1,-1,5,-5
0.10013294219970703,1,-1,5,-5
0.10013532638549805,0,0,5,-5
0.10013580322265625,0,0,0,0
0.10013532638549805,0,0,0,0
0.10013771057128906,1,-1,0,0
0.10013842582702637,1,-1,5,-5
0.10013437271118164,1,-1,5,-5
0.1001288890838623,2,-2,5,-5
0.10013794898986816,2,-2,10,-10
0.10013794898986816,3,-3,10,-10
0.10013771057128906,3,-3,15,-15
0.10012984275817871,4,-4,15,-15
0.1001284122467041,3,-3,20,-20
0.1001274585723877,3,-3,15,-15
0.10013747215270996,2,-2,15,-15
0.10014057159423828,3,-3,10,-10
0.10006332397460938,3,-3,15,-15
0.10013914108276367,4,-4,15,-15
0.1001279354095459,3,-3,21,-21
0.1001286506652832,3,-3,15,-15
0.10013794898986816,3,-3,15,-15
0.10013580322265625,4,-4,15,-15
0.10014533996582031,5,-5,20,-20
0.10013961791992188,4,-4,25,-25
0.10013818740844727,3,-3,20,-20
0.10013866424560547,3,-3,15,-15
0.1001427173614502,2,-2,15,-15
0.10013628005981445,2,-2,10,-10
0.10013461112976074,1,-1,10,-10
0.1001434326171875,1,-1,5,-5
0.10013699531555176,1,-1,5,-5
0.10013151168823242,0,0,5,-5
0.10012412071228027,0,0,0,0
0.10013389587402344,0,0,0,0
0.10012555122375488,0,0,0,0
0.10012412071228027,0,0,0,0
0.100128173828125,0,0,0,0
0.10012602806091309,0,0,0,0
0.10016703605651855,0,0,0,0
0.10014128684997559,0,0,0,0
0.1001274585723877,0,0,0,0
0.100128173828125,0,0,0,0
0.10013341903686523,0,0,0,0
0.1001291275024414,0,0,0,0
0.10057997703552246,0,0,0,0
0.10013246536254883,0,0,0,0
0.10013723373413086,0,0,0,0
0.10013771057128906,-1,1,0,0
0.10013651847839355,-1,1,-5,5
0.10013151168823242,-1,1,-5,5
0.10013628005981445,-2,2,-5,5
0.10013699531555176,-2,2,-10,10
0.10012960433959961,-2,2,-10,10
0.10013723373413086,-1,1,-10,10
0.1001291275024414,-1,1,-5,5
0.10013747215270996,-1,1,-5,5
0.10013437271118164,-1,1,-5,5
0.10013866424560547,-1,1,-5,5
0.10013723373413086,-2,2,-5,5
0.10013484954833984,-2,2,-10,10
0.10013675689697266,-3,3,-10,10
0.10013580322265625,-3,3,-15,15
0.10013675689697266,-3,3,-15,15
0.10013198852539062,-2,2,-15,15
0.10014200210571289,-2,2,-10,10
0.10012984275817871,-1,1,-10,10
0.10013914108276367,-1,1,-5,5
0.10013484954833984,-1,1,-5,5
0.10012578964233398,0,0,-5,5
0.10013413429260254,0,0,0,0
0.10012388229370117,0,0,0,0
0.10013675689697266,0,0,0,0
0.10012698173522949,0,0,0,0
0.10013890266418457,0,0,0,0
0.10013699531555176,0,0,0,0
0.10012483596801758,1,1,0,0
0.10013842582702637,1,1,5,5
0.10013437271118164,1,1,5,5
0.10013604164123535,2,2,5,5
0.10013818740844727,2,2,10,10
0.10012531280517578,2,2,10,10
0.10013675689697266,3,3,10,10
0.10013818740844727,3,3,15,15
0.10013532638549805,4,4,15,15
0.10013389587402344,4,4,20,20
0.10006856918334961,5,5,20,20
0.10013628005981445,6,6,25,25
0.10013532638549805,7,7,30,30
0.10012626647949219,8,8,35,35
0.10013604164123535,9,9,40,40
0.10013794898986816,10,10,45,45
0.10013198852539062,11,11,50,50
0.10013771057128906,12,12,55,55
0.10013699531555176,14,14,60,60
0.10013699531555176,15,15,70,70
0.10008692741394043,17,17,75,75
0.10012602806091309,18,18,85,85
0.10013341903686523,20,20,90,90
0.10012626647949219,21,21,100,100
0.10013437271118164,21,21,105,105
0.10013389587402344,21,21,105,105
0.10013675689697266,21,21,105,105
0.10014009475708008,21,21,105,105
0.10013532638549805,22,21,105,105
0.10013723373413086,22,21,110,105
0.10013604164123535,22,21,110,105
0.10012531280517578,21,21,110,105
0.10013556480407715,21,21,105,105
0.1001436710357666,21,21,105,105
0.10013246536254883,22,21,105,105
0.1001276969909668,22,21,110,105
0.10013890266418457,20,19,110,105
0.10013866424560547,18,18,100,95
0.10013508796691895,16,16,90,90
0.10013532638549805,15,15,81,81
0.10013842582702637,13,13,74,74
0.10013651847839355,12,12,65,65
0.10014772415161133,10,10,60,60
0.10012483596801758,12,12,50,50
0.10013794898986816,13,13,61,61
0.10013723373413086,15,14,65,65
0.10013842582702637,16,16,75,70
0.1001291275024414,18,18,80,80
0.10008931159973145,20,20,91,91
0.10013628005981445,21,21,99,99
0.10012960433959961,21,21,105,105
0.10013771057128906,21,21,105,105
0.10013794898986816,21,21,107,107
0.10013389587402344,21,21,104,104
0.10013198852539062,21,21,105,105
0.10013890266418457,21,21,105,105
0.10013151168823242,22,21,108,108
0.10014104843139648,20,19,107,102
0.10013747215270996,18,18,100,95
0.10013079643249512,16,16,90,90
0.10013318061828613,15,14,80,80
0.10013651847839355,13,13,75,70
0.10013461112976074,12,11,65,65
0.10013628005981445,11,10,60,55
0.10012960433959961,9,9,55,50
0.10013723373413086,8,8,45,45
0.10013031959533691,7,7,40,40
0.1001899242401123,6,6,35,35
0.10013794898986816,6,6,30,30
0.10012459754943848,7,6,30,30
0.10016942024230957,7,7,35,30
0.10013675689697266,6,6,35,35
0.1001284122467041,6,6,30,30
0.10013604164123535,6,6,30,30
0.10013818740844727,7,7,30,30
0.10012412071228027,8,8,35,35
0.10013604164123535,9,9,40,40
0.10013651847839355,10,10,45,45
0.10013747215270996,12,12,50,50
0.1001291275024414,13,13,60,60
0.10013604164123535,15,14,66,66
0.10012483596801758,16,16,74,69
0.10013175010681152,18,18,79,79
0.10013723373413086,20,20,90,90
0.1001286506652832,21,21,100,100
0.10013675689697266,21,21,105,105
0.10013628005981445,20,20,105,105
0.1001288890838623,18,18,100,100
0.10012221336364746,16,16,91,91
0.10013532638549805,15,15,82,82
0.10013484954833984,13,13,74,74
0.10013556480407715,12,12,65,65
0.10014081001281738,10,10,60,60
0.10013628005981445,9,9,50,50
0.10013937950134277,8,8,45,45
0.10013937950134277,7,7,40,40
0.10012936592102051,6,6,35,35
0.10013318061828613,6,6,30,30
0.1001288890838623,5,5,30,30
0.1001429557800293,4,4,25,25
0.10012483596801758,4,4,20,20
0.10012435913085938,3,3,20,20
0.10013151168823242,2,3,15,15
0.10013651847839355,2,2,10,15
0.10016441345214844,1,2,10,10
0.10012936592102051,1,2,5,10
0.10013723373413086,0,2,5,10
0.10013699531555176,0,2,0,10
0.10013365745544434,0,2,0,10
0.10013508796691895,0,2,0,10
0.10012578964233398,-1,2,0,10
0.10013890266418457,-2,2,-5,10
0.10016655921936035,-2,2,-10,10
0.10013747215270996,-3,3,-10,10
0.10013651847839355,-3,3,-15,15
0.10013937950134277,-4,4,-15,15
0.10013842582702637,-5,5,-20,20
0.10010027885437012,-5,5,-25,25
0.10037112236022949,-5,5,-25,25
0.10009455680847168,-5,5,-25,25
0.10013675689697266,-5,5,-25,25
0.10012459754943848,-5,5,-25,25
0.1001272201538086,-5,5,-25,25
0.1001288890838623,-5,5,-25,25
0.10013771057128906,-5,5,-25,25
0.10008096694946289,-5,5,-25,25
0.10013198852539062,-5,5,-25,25
0.10012960433959961,-5,5,-25,25
0.1001284122467041,-5,5,-25,25
0.10013532638549805,-5,5,-25,25
0.10013246536254883,-5,5,-25,25
0.10012388229370117,-5,5,-25,25
0.10012626647949219,-5,5,-25,25
0.10013723373413086,-5,5,-25,25
0.10013484954833984,-5,5,-25,25
0.10013699531555176,-5,5,-25,25
0.10013413429260254,-5,5,-25,25
0.10014057159423828,-5,5,-25,25
0.10013604164123535,-4,5,-25,25
0.10013866424560547,-3,4,-20,25
0.10016632080078125,-2,4,-15,20
0.10013651847839355,-2,4,-10,20
0.10013437271118164,-1,3,-10,20
0.1001443862915039,-1,2,-5,15
0.10013461112976074,-1,2,-5,10
0.10013628005981445,-1,1,-5,10
0.10012936592102051,-1,1,-5,5
0.10014891624450684,0,1,-5,5
0.10014081001281738,0,1,0,5
0.10013484954833984,0,1,0,5
0.10010504722595215,0,1,0,5
0.10013699531555176,1,1,0,5
0.10008549690246582,1,1,5,5
0.10013771057128906,1,2,5,5
0.10013508796691895,2,2,5,10
0.10013675689697266,2,2,10,10
0.10013723373413086,3,3,10,10
0.1001288890838623,3,3,15,15
0.10013794898986816,4,4,15,15
0.10013461112976074,5,4,20,20
0.10012459754943848,5,5,25,20
0.10013723373413086,6,6,25,25
0.1001291275024414,7,6,30,30
0.10013747215270996,8,7,35,30
0.10013532638549805,9,8,40,35
0.10013675689697266,10,9,45,40
0.10013675689697266,12,10,50,45
0.10012555122375488,13,11,60,50
0.10013723373413086,15,12,65,55
0.10013628005981445,17,14,75,60
0.10012698173522949,18,15,85,70
0.10010409355163574,21,16,90,75
0.10013818740844727,23,18,105,80
0.10013937950134277,25,18,115,90
0.10012412071228027,22,17,126,90
0.10013866424560547,20,16,109,84
0.10013723373413086,18,14,100,80
0.10012531280517578,16,13,90,70
0.10013628005981445,14,12,80,65
0.10013437271118164,13,10,70,60
0.1001276969909668,12,9,65,50
0.10013556480407715,11,8,60,45
0.10013699531555176,10,7,55,40
0.10013937950134277,8,6,50,35
0.10012984275817871,7,6,40,30
0.10013222694396973,6,5,35,30
0.10013937950134277,5,4,30,25
0.10013818740844727,5,4,25,20
0.10013175010681152,5,5,25,20
0.10013127326965332,6,6,26,26
0.10012483596801758,5,5,28,28
0.10012650489807129,4,4,25,25
0.10012984275817871,3,4,20,20
0.10013794898986816,3,3,15,20
0.1002044677734375,2,3,15,15
0.10013675689697266,2,3,10,15
0.10012531280517578,1,3,10,15
0.10013723373413086,1,3,5,15
0.10012483596801758,1,4,5,15
0.10013628005981445,2,5,5,20
0.10013794898986816,2,5,10,25
0.10013484954833984,3,5,10,25
0.10014009475708008,4,6,15,25
0.10013794898986816,5,6,20,30
0.1001424789428711,6,7,25,30
0.10013747215270996,7,8,30,35
0.10014057159423828,8,9,35,40
0.1001429557800293,9,10,40,45
0.10013699531555176,10,11,45,50
0.10013604164123535,9,10,50,55
0.10013937950134277,8,9,45,50
0.1001441478729248,7,8,40,45
0.10016512870788574,6,7,35,40
0.10013651847839355,5,6,30,35
0.10013747215270996,4,5,25,30
0.1014406681060791,4,5,20,25
0.10013794898986816,3,4,20,25
0.10013723373413086,3,3,15,20
0.10013747215270996,4,4,15,15
0.10013675689697266,4,4,20,20
0.10013675689697266,5,5,20,20
0.10013103485107422,6,6,25,25
0.10012960433959961,6,6,30,30
0.10012984275817871,7,7,30,30
0.10013699531555176,8,8,35,35
0.10013699531555176,9,9,40,40
0.10013461112976074,10,10,45,45
0.10013771057128906,12,12,50,50
0.10012602806091309,13,13,61,61
0.10013127326965332,14,14,64,64
0.10013294219970703,16,16,70,70
0.10013508796691895,18,18,80,80
0.10013604164123535,19,19,90,90
0.10013604164123535,21,21,95,95
0.10014009475708008,21,21,105,105
0.10013484954833984,21,21,106,106
0.10013651847839355,21,21,104,104
0.1001443862915039,21,21,106,106
0.10013675689697266,20,19,105,105
0.10013031959533691,18,18,100,95
0.10014152526855469,16,16,95,95
0.10012698173522949,15,15,76,76
0.10013866424560547,13,13,75,75
0.10013604164123535,12,12,66,66
0.1001133918762207,11,10,60,60
0.10013794898986816,10,9,55,50
0.10014486312866211,9,8,50,45
0.10012960433959961,8,7,45,40
0.1001441478729248,7,6,40,35
0.10012960433959961,6,5,35,30
0.10012412071228027,5,5,30,25
0.10013866424560547,4,4,25,25
0.10013794898986816,4,3,20,20
0.10013675689697266,4,3,20,15
0.10013818740844727,3,2,20,15
0.10013151168823242,2,2,15,10
0.10013222694396973,2,2,10,10
0.10013651847839355,1,1,10,10
0.10007452964782715,1,1,5,5
0.10013437271118164,2,1,5,5
0.10013532638549805,2,1,10,5
0.10012626647949219,2,2,10,5
0.10013246536254883,3,3,10,10
0.10013222694396973,3,3,15,15
0.10013198852539062,4,4,15,15
0.10013437271118164,4,4,19,19
0.10013389587402344,5,5,20,20
0.10012674331665039,6,6,25,25
0.10013675689697266,7,6,30,30
0.10013127326965332,8,7,35,30
0.10013818740844727,9,8,40,35
0.10013723373413086,10,9,45,40
0.10013747215270996,11,10,50,45
0.10007596015930176,12,11,55,50
0.10013628005981445,14,12,60,55
0.10013699531555176,15,14,70,60
0.10013675689697266,14,12,75,70
0.10013818740844727,12,11,70,60
0.10013747215270996,11,10,60,55
0.10013747215270996,10,9,55,50
0.10013675689697266,8,8,50,45
0.10013890266418457,7,7,40,40
0.10013389587402344,6,6,35,35
0.10013508796691895,7,7,30,30
0.10013580322265625,9,8,35,35
0.10013604164123535,9,9,45,40
0.10013723373413086,10,10,45,45
0.10013389587402344,12,12,50,50
0.10013365745544434,13,13,60,60
0.1000678539276123,15,15,67,67
0.10013651847839355,16,16,73,73
0.10013675689697266,18,18,80,80
0.10013151168823242,20,20,90,90
0.10013103485107422,21,21,100,100
0.10012984275817871,20,20,106,106
0.10014533996582031,18,18,100,100
0.10013484954833984,16,16,90,90
0.10012936592102051,15,15,80,80
0.10013103485107422,13,13,75,75
0.10013103485107422,12,12,65,65
0.10013818740844727,10,10,60,60
0.10013771057128906,9,9,50,50
0.1001284122467041,8,8,45,45
0.10014748573303223,7,7,40,40
0.10013866424560547,6,6,35,35
0.10013771057128906,6,6,30,30
0.10013699531555176,5,5,30,30
0.10013294219970703,4,4,25,25
0.10012459754943848,4,4,20,20
0.10013914108276367,3,3,20,20
0.10013580322265625,3,3,15,15
0.1001288890838623,2,2,15,15
0.10013270378112793,2,2,10,10
0.1001284122467041,1,1,10,10
0.1001577377319336,1,1,5,5
0.10013890266418457,1,1,5,5
0.10013747215270996,0,0,5,5
0.10013198852539062,0,0,0,0
0.10013651847839355,0,0,0,0
0.10013556480407715,0,0,0,0
0.10013651847839355,0,0,0,0
0.10013151168823242,0,0,0,0
0.10013556480407715,0,0,0,0
0.10023140907287598,0,0,0,0
0.1001279354095459,-1,1,0,0
0.10013794898986816,-1,1,-5,5
0.10009264945983887,-1,1,-5,5
0.10013294219970703,-2,2,-5,5
0.10013270378112793,-2,2,-10,10
0.10013294219970703,-3,3,-10,10
0.10012578964233398,-3,3,-15,15
0.10013461112976074,-4,4,-15,15
0.10012459754943848,-5,5,-20,20
0.100128173828125,-5,5,-27,27
0.10013747215270996,-5,5,-24,24
0.10013604164123535,-5,5,-25,25
0.1001427173614502,-5,5,-25,25
0.10011029243469238,-5,5,-25,25
0.10013699531555176,-5,5,-25,25
0.10013675689697266,-5,5,-25,25
0.10013055801391602,-5,5,-25,25
0.10012626647949219,-5,5,-25,25
0.10013628005981445,-5,5,-25,25
0.10012578964233398,-5,5,-25,25
0.10013556480407715,-5,5,-25,25
0.10013794898986816,-5,5,-25,25
0.10013604164123535,-5,5,-25,25
0.10038256645202637,-5,5,-25,25
0.10013127326965332,-5,5,-25,25
0.10013341903686523,-5,5,-25,25
0.10013723373413086,-5,5,-25,25
0.10013461112976074,-4,4,-25,25
0.10012960433959961,-3,3,-20,20
0.10016775131225586,-3,3,-15,15
0.1001286506652832,-2,2,-15,15
0.10012960433959961,-1,2,-10,10
0.1001291275024414,-1,2,-5,10
0.1001291275024414,0,2,-5,10
0.10013437271118164,0,2,0,10
0.10013794898986816,0,3,0,10
0.10012984275817871,0,3,0,15
0.10013675689697266,0,3,0,15
0.10011529922485352,1,3,0,15
0.10012483596801758,1,3,5,15
0.10013675689697266,2,4,5,15
0.10013747215270996,3,4,10,20
0.10012531280517578,3,4,15,20
0.10013794898986816,4,5,15,20
0.10013651847839355,5,5,20,25
0.10013008117675781,6,6,25,25
0.10013771057128906,7,7,30,30
0.10013604164123535,8,8,35,35
0.10012531280517578,9,9,40,40
0.10013699531555176,10,10,45,45
0.10013031959533691,11,11,50,50
0.10013771057128906,12,12,55,55
0.10014033317565918,14,14,60,60
0.10013675689697266,15,15,70,70
0.10014176368713379,17,17,74,74
0.10014557838439941,18,18,85,85
0.10013413429260254,20,20,90,90
0.10015058517456055,22,21,101,101
0.10013604164123535,22,21,111,106
0.10013532638549805,22,21,110,105
0.1001286506652832,22,21,110,105
0.1001274585723877,22,21,112,107
0.10012531280517578,22,20,109,104
0.10007596015930176,21,18,110,100
0.10013222694396973,19,17,105,90
0.10012364387512207,17,15,96,86
0.10013723373413086,15,14,84,74
0.10013794898986816,14,12,75,70
0.10013699531555176,13,11,70,60
0.10013771057128906,12,9,65,55
0.10013651847839355,11,8,60,45
0.10014748573303223,10,7,55,40
0.10012459754943848,8,6,50,35
0.10013794898986816,9,8,40,30
0.10013771057128906,10,9,45,40
0.10013508796691895,11,10,50,45
0.10013079643249512,12,11,55,50
0.10013651847839355,13,13,60,55
0.10013437271118164,15,14,65,65
0.10013651847839355,16,16,75,70
0.10012507438659668,18,18,80,80
0.10013818740844727,20,20,90,90
0.10013699531555176,21,21,100,100
0.10013675689697266,21,21,105,105
0.10015177726745605,21,21,105,105
0.10013699531555176,21,22,105,105
0.10013675689697266,19,20,105,110
0.10013723373413086,17,18,95,100
0.10013508796691895,16,16,85,90
0.10013628005981445,14,15,80,80
0.10012698173522949,13,14,70,75
0.10013890266418457,11,12,65,70
0.10013151168823242,10,11,55,60
0.10013055801391602,9,10,50,55
0.10013413429260254,8,9,45,50
0.10013365745544434,7,8,40,45
0.10013771057128906,6,7,35,40
0.10013365745544434,5,7,30,35
0.10013675689697266,4,6,25,35
0.10013794898986816,4,5,20,30
0.100128173828125,4,5,20,25
0.10013008117675781,5,6,20,25
0.10014796257019043,6,7,25,30
0.10013818740844727,7,7,30,35
0.10013723373413086,8,8,35,35
0.10013866424560547,9,9,40,40
0.10013771057128906,10,10,45,45
0.10013628005981445,12,12,50,50
0.10014867782592773,13,13,60,60
0.10013651847839355,14,15,65,65
0.10013604164123535,16,16,70,75
0.10013294219970703,17,18,80,80
0.10013508796691895,19,20,86,91
0.10013675689697266,21,22,95,100
0.10013270378112793,21,22,105,110
0.10012197494506836,19,20,110,115
0.1001288890838623,17,18,90,94
0.10013747215270996,16,16,86,91
0.10012483596801758,14,15,80,80
0.10013651847839355,13,13,70,75
0.10013842582702637,12,12,65,65
0.10013055801391602,10,11,60,60
0.1001436710357666,9,10,50,55
0.10013127326965332,8,9,45,50
0.10012602806091309,7,8,40,45
0.10013103485107422,6,7,35,40
0.10013484954833984,6,6,30,35
0.10012960433959961,5,5,30,30
0.10013699531555176,6,6,25,25
0.10013747215270996,6,6,30,30
0.10014939308166504,7,7,30,30
0.10012936592102051,8,8,35,35
0.10013699531555176,9,9,40,40
0.10013318061828613,10,10,45,45
0.1001279354095459,12,12,50,50
0.10013556480407715,13,13,60,60
0.10013461112976074,15,15,66,66
0.10013580322265625,16,16,74,74
0.10013842582702637,15,15,80,80
0.1000661849975586,13,13,75,75
0.10014104843139648,12,12,65,65
0.100128173828125,10,10,60,60
0.10012197494506836,9,9,50,50
0.10013818740844727,8,8,45,45
0.10013413429260254,7,7,40,40
0.10013437271118164,6,6,35,35
0.10013699531555176,6,6,30,30
0.10013818740844727,5,5,30,30
0.10012340545654297,4,4,25,25
0.10012316703796387,3,4,20,20
0.10013747215270996,3,3,15,20
0.10013628005981445,2,3,15,15
0.10014486312866211,2,2,10,15
0.10013675689697266,2,2,10,10
0.10013723373413086,2,2,10,10
0.1001284122467041,3,3,10,10
0.10013651847839355,3,3,15,15
0.10013389587402344,4,4,15,15
0.10013747215270996,3,3,20,20
0.1001288890838623,3,3,15,15
0.1001288890838623,2,2,15,15
0.10013794898986816,2,2,10,10
0.1001286506652832,1,1,10,10
0.10013771057128906,1,1,5,5
0.10013127326965332,1,1,5,5
0.100128173828125,0,0,5,5
0.10015034675598145,0,0,0,0
0.10014605522155762,0,0,0,0
0.10012459754943848,0,0,0,0
0.10013699531555176,0,0,0,0
0.10012555122375488,0,0,0,0
0.10005688667297363,0,0,0,0
0.10013842582702637,0,0,0,0
0.10013604164123535,0,0,0,0
0.10013651847839355,0,0,0,0
0.1001596450805664,0,0,0,0
0.10013818740844727,0,0,0,0
0.10012984275817871,0,0,0,0
0.10013842582702637,0,0,0,0
0.10013604164123535,0,0,0,0
0.10006308555603027,0,0,0,0
0.10013222694396973,0,0,0,0
0.10013747215270996,0,1,0,0
0.10012626647949219,0,1,0,5
0.10013794898986816,0,1,0,5
0.10013794898986816,0,1,0,5
0.10013675689697266,-1,2,0,5
0.10013842582702637,-2,2,-5,10
0.10013270378112793,-2,2,-10,10
0.10013651847839355,-3,3,-10,10
0.10013842582702637,-3,3,-15,15
0.10013747215270996,-4,4,-15,15
0.10013771057128906,-5,5,-20,20
0.10014128684997559,-5,5,-25,25
0.10013675689697266,-5,5,-25,25
0.10013699531555176,-5,5,-25,25
0.10013628005981445,-5,5,-25,25
0.10013532638549805,-5,5,-25,25
0.10013723373413086,-5,5,-25,25
0.10013651847839355,-5,5,-25,25
0.10013604164123535,-5,5,-25,25
0.10013890266418457,-5,5,-25,25
0.10013532638549805,-5,5,-25,25
0.10013818740844727,-5,5,-25,25
0.10012531280517578,-5,5,-25,25
0.10013651847839355,-5,5,-25,25
0.10013580322265625,-4,5,-25,25
0.10012602806091309,-3,4,-20,25
0.10013628005981445,-2,4,-15,20
0.10013794898986816,-2,4,-10,20
0.10013008117675781,-2,5,-10,20
0.10013580322265625,-1,4,-10,25
0.10013628005981445,0,4,-5,20
0.1001288890838623,0,4,0,20
0.10013628005981445,1,4,0,20
0.10013294219970703,1,4,5,20
0.10011935234069824,1,5,5,21
0.10012960433959961,2,6,5,24
0.10013580322265625,2,7,10,30
0.10013484954833984,2,8,10,35
0.10014700889587402,3,9,10,40
0.10013461112976074,5,9,15,46
0.10014486312866211,6,9,25,45
0.10014009475708008,7,10,30,45
0.100128173828125,9,11,35,50
0.10013127326965332,10,12,45,55
0.10013175010681152,11,13,51,61
0.10013389587402344,13,14,55,65
0.10014510154724121,15,15,64,69
0.10013484954833984,16,17,76,76
0.10013985633850098,18,19,80,85
0.10013365745544434,20,20,92,97
0.10013842582702637,21,21,98,98
0.10013461112976074,20,19,105,105
0.10013771057128906,18,18,101,95
0.10013365745544434,16,16,91,91
0.10013675689697266,15,14,79,79
0.10013294219970703,14,12,75,70
0.10014128684997559,12,11,70,60
0.10013461112976074,11,10,61,56
0.1001274585723877,11,8,55,50
0.10013270378112793,10,7,56,41
0.1001436710357666,9,6,49,34
0.10013532638549805,9,4,45,30
0.1001276969909668,8,3,46,21
0.10012531280517578,8,2,40,15
0.10013556480407715,7,2,40,10
0.10012674331665039,6,1,35,10
0.10013413429260254,5,1,29,5
0.10013389587402344,5,0,25,5
0.10014081001281738,6,0,25,0
0.10013532638549805,7,1,31,0
0.10013365745544434,8,1,35,5
0.10012602806091309,9,1,40,5
0.10012674331665039,11,1,45,5
0.10004162788391113,11,2,55,5
0.10013294219970703,11,4,55,10
0.10012602806091309,11,5,55,20
0.10012435913085938,10,5,55,25
0.10013103485107422,9,4,51,26
0.10013818740844727,7,4,43,19
0.10013461112976074,6,3,36,21
0.10013318061828613,5,3,30,15
0.10013604164123535,5,3,24,15
0.10013389587402344,4,2,25,15
0.10013318061828613,3,2,20,10
0.10013985633850098,3,2,15,10
0.10013771057128906,2,1,14,9
0.10012483596801758,2,1,10,5
0.10013389587402344,1,1,10,5
0.10013055801391602,1,1,5,5
0.10013318061828613,0,1,5,5
0.10012936592102051,0,0,0,5
0.10012960433959961,0,0,0,0
0.10012698173522949,0,0,0,0
0.10013484954833984,0,0,0,0
0.10013794898986816,0,0,0,0
0.10013461112976074,0,0,0,0
0.10013341903686523,-1,1,0,0
0.10013365745544434,-1,1,-5,5
0.10012388229370117,-1,1,-5,5
0.1000833511352539,-2,2,-5,5
0.10013532638549805,-2,2,-10,10
0.10013556480407715,-3,3,-10,10
0.1001276969909668,-3,3,-15,15
0.10013079643249512,-4,4,-15,15
0.10013222694396973,-5,5,-20,20
0.10013127326965332,-5,5,-25,25
0.10013508796691895,-4,4,-25,25
0.10006904602050781,-3,3,-20,20
0.10013389587402344,-3,3,-15,15
0.10012388229370117,-3,3,-15,15
0.10012531280517578,-4,4,-15,15
0.10013222694396973,-5,5,-20,20
0.10013318061828613,-4,4,-25,25
0.10013318061828613,-3,3,-20,20
0.10013651847839355,-3,3,-15,15
0.10008478164672852,-2,2,-15,15
0.1001272201538086,-2,2,-10,10
0.10013794898986816,-1,1,-10,10
0.10013532638549805,-1,1,-5,5
0.10013842582702637,-1,1,-5,5
0.10013842582702637,0,0,-5,5
0.10013484954833984,0,0,0,0
0.10013008117675781,0,0,0,0
0.10005736351013184,0,0,0,0
0.10013437271118164,0,1,0,0
0.10013127326965332,0,1,0,5
0.10013556480407715,0,1,0,5
0.10012602806091309,0,1,0,5
0.10013842582702637,1,1,0,5
0.10013675689697266,1,1,5,5
0.10013723373413086,1,2,5,5
0.10005354881286621,2,2,5,10
0.10015726089477539,2,2,10,10
0.10012984275817871,3,3,10,10
0.10013508796691895,4,3,15,15
0.1001272201538086,4,3,20,15
0.10012555122375488,5,4,20,15
0.10012984275817871,6,4,25,20
0.10013604164123535,7,5,30,20
0.10013651847839355,8,6,35,25
0.10013699531555176,9,7,40,30
0.10024333000183105,10,7,45,35
0.10013723373413086,11,8,50,35
0.10013318061828613,13,9,55,40
0.10013675689697266,14,10,65,45
0.10013008117675781,15,12,70,50
0.1001286506652832,17,14,75,60
0.10014533996582031,18,15,85,70
0.10013747215270996,19,17,90,75
0.10013747215270996,21,19,95,85
0.10014796257019043,22,21,105,95
0.10024476051330566,22,21,110,105
0.10013651847839355,22,21,111,106
0.10013723373413086,22,21,109,104
0.10013556480407715,22,21,111,106
0.10013580322265625,21,21,110,105
0.10013794898986816,21,22,105,105
0.10012984275817871,19,20,106,111
0.10015606880187988,17,18,95,100
0.10013270378112793,16,16,85,90
0.10013318061828613,14,15,81,81
0.1001276969909668,12,14,70,75
0.10013818740844727,11,13,60,70
0.10013079643249512,9,12,55,65
0.10013842582702637,8,11,45,60
0.10013628005981445,7,10,40,55
0.10014677047729492,5,10,35,50
0.10013508796691895,4,9,25,50
0.1001286506652832,3,9,20,45
0.10012984275817871,1,9,15,45
0.10013747215270996,3,9,5,45
0.10013580322265625,4,9,15,45
0.10012984275817871,5,10,20,45
0.10013747215270996,7,10,25,50
0.10013866424560547,8,11,35,50
0.10013508796691895,9,12,40,55
0.10012531280517578,11,13,45,60
0.10011172294616699,12,14,55,65
0.10013508796691895,14,15,60,70
0.10013175010681152,16,16,70,75
0.10013675689697266,17,18,80,80
0.10013818740844727,19,20,85,90
0.10013818740844727,21,22,95,100
0.10013771057128906,21,21,105,110
0.10012531280517578,22,21,105,105
0.10013580322265625,22,21,111,106
0.10013723373413086,22,21,109,104
0.10013961791992188,22,21,110,105
0.10013651847839355,22,21,111,106
0.10013794898986816,22,21,110,105
0.10013771057128906,20,19,110,105
0.10013294219970703,19,17,100,95
0.10014009475708008,17,15,95,85
0.10013747215270996,15,14,85,75
0.10013103485107422,14,12,75,70
0.10013222694396973,12,11,70,60
0.10013389587402344,11,10,60,55
0.10014152526855469,11,8,55,50
0.10013389587402344,10,7,55,40
0.1001284122467041,9,6,50,35
0.10013747215270996,9,4,45,30
0.10013699531555176,8,3,45,20
0.10013723373413086,8,2,40,15
0.10012936592102051,8,1,40,10
0.10013651847839355,8,0,40,5
0.10013556480407715,8,-1,40,0
0.10014820098876953,8,-1,40,-5
0.10013699531555176,7,-2,40,-5
0.10012221336364746,7,-2,35,-10
0.10013771057128906,6,-3,35,-10
0.10013675689697266,6,-3,30,-15
0.10013747215270996,6,-3,30,-15
0.10013675689697266,6,-3,30,-15
0.10013532638549805,6,-3,30,-15
0.10013651847839355,7,-2,30,-15
0.10013723373413086,7,-2,35,-10
0.10013699531555176,8,-1,35,-10
0.10013675689697266,8,-1,40,-5
0.10014152526855469,8,-1,40,-5
0.10010242462158203,7,-2,40,-5
0.10013103485107422,7,-2,35,-10
0.10012698173522949,6,-3,35,-10
0.10013580322265625,6,-3,30,-15
0.10013318061828613,6,-3,30,-15
0.10014104843139648,5,-4,30,-15
0.10013031959533691,5,-4,25,-20
0.10013747215270996,5,-4,25,-20
0.10013079643249512,6,-3,25,-20
0.10013866424560547,5,-2,30,-15
0.10017585754394531,5,-1,25,-10
0.10013628005981445,5,0,25,-5
0.10013818740844727,6,-1,25,0
0.1001274585723877,6,0,30,-5
0.10014653205871582,6,0,30,0
0.10013818740844727,6,1,30,0
0.10013794898986816,6,2,30,5
0.10013771057128906,6,3,30,10
0.10013699531555176,7,4,30,15
0.10013842582702637,7,6,35,20
0.10013437271118164,8,7,35,30
0.10010242462158203,9,8,40,35
0.10013628005981445,8,7,45,40
0.10013628005981445,7,6,40,35
0.10013818740844727,6,5,35,30
0.10013580322265625,5,5,30,25
0.10013175010681152,4,4,25,25
0.10013628005981445,4,4,20,20
0.10013508796691895,3,3,20,20
0.10008502006530762,4,4,15,15
0.10013198852539062,4,4,20,20
0.10013747215270996,5,5,20,20
0.10012984275817871,6,6,25,25
0.10013365745544434,6,7,30,30
0.10013508796691895,7,8,30,35
0.10013437271118164,8,9,35,40
0.10008358955383301,9,10,40,45
0.10013294219970703,10,11,45,50
0.10013699531555176,12,12,50,55
0.10013675689697266,13,13,60,60
0.10013628005981445,14,15,65,65
0.10013437271118164,16,16,70,75
0.1001286506652832,18,18,80,80
0.10013961791992188,20,20,90,90
0.10012555122375488,21,21,100,100
0.1001291275024414,21,21,105,105
0.10013222694396973,21,21,106,106
0.10042190551757812,21,21,104,104
0.10013580322265625,21,21,106,106
0.10013389587402344,21,21,105,105
0.10012531280517578,21,21,104,104
0.10013675689697266,20,20,106,106
0.10013151168823242,18,18,100,100
0.10012269020080566,16,16,90,90
0.10013747215270996,15,14,80,80
0.10012626647949219,13,13,75,70
0.10013747215270996,12,12,65,65
0.10035872459411621,10,10,60,60
0.10014581680297852,9,9,50,50
0.10013699531555176,8,8,45,45
0.10013914108276367,9,9,40,40
0.10013580322265625,10,10,45,45
0.10013651847839355,12,12,50,50
0.1001276969909668,13,13,60,60
0.10013270378112793,15,15,67,67
0.10012316703796387,16,16,73,73
0.10013628005981445,18,18,80,80
0.10015058517456055,20,20,90,90
0.1001272201538086,21,21,101,101
0.10013246536254883,21,21,105,105
0.10013580322265625,21,21,105,105
0.10013580322265625,21,21,105,105
0.10013604164123535,21,21,105,105
0.10015726089477539,21,21,105,105
0.10013556480407715,21,21,105,105
0.10013556480407715,21,21,105,105
0.10013675689697266,21,21,105,105
0.10013532638549805,21,21,105,105
0.1001291275024414,21,21,107,107
0.10013628005981445,21,21,103,103
0.10012960433959961,20,20,104,104
0.10012054443359375,18,18,101,101
0.10013985633850098,16,16,90,90
0.10013651847839355,15,14,80,80
0.1000986099243164,13,13,75,70
0.10013628005981445,12,12,65,65
0.10012435913085938,10,10,60,60
0.10013508796691895,9,9,50,50
0.10013818740844727,8,8,46,46
0.10013198852539062,7,7,39,39
0.10013818740844727,7,6,35,35
0.10013413429260254,6,5,35,30
0.1001291275024414,7,6,30,25
0.10013389587402344,7,7,35,30
0.1001284122467041,8,8,35,35
0.10013604164123535,9,9,40,40
0.10013866424560547,10,10,45,45
0.10013079643249512,12,12,50,50
0.10013484954833984,13,13,61,61
0.10012984275817871,15,14,63,63
0.10013389587402344,16,16,75,70
0.10013937950134277,18,18,81,81
0.10013723373413086,20,20,90,90
0.1001286506652832,21,21,100,100
0.10013484954833984,21,21,105,105
0.10012435913085938,20,20,106,106
0.10013461112976074,18,18,100,100
0.10013747215270996,16,16,90,90
0.10012602806091309,15,15,82,82
0.10018181800842285,13,13,73,73
0.10013461112976074,12,12,65,65
0.10013556480407715,11,10,60,60
0.10013318061828613,10,9,55,50
0.10013604164123535,9,8,50,45
0.1001288890838623,8,7,45,40
0.10014104843139648,7,6,41,36
0.10013270378112793,6,5,34,30
0.10013580322265625,7,6,30,25
0.10012507438659668,8,7,36,31
0.10012316703796387,9,8,39,34
0.100128173828125,10,9,45,40
0.10013628005981445,9,8,50,45
0.10012531280517578,8,7,45,40
0.10010123252868652,7,6,40,35
0.10012602806091309,6,5,35,30
0.1001272201538086,6,4,30,25
0.10013794898986816,5,4,30,20
0.10012602806091309,5,3,25,20
0.10013222694396973,4,2,26,15
0.10022878646850586,3,2,19,10
0.10013747215270996,3,2,15,10
0.10013747215270996,3,2,15,10
0.10013794898986816,3,3,15,10
0.10013723373413086,4,4,15,15
0.10012531280517578,4,4,20,20
0.10013628005981445,4,4,20,20
0.10013675689697266,3,3,20,20
0.10013103485107422,3,3,15,15
0.10013747215270996,2,2,15,15
0.10013747215270996,3,3,10,10
0.10012531280517578,3,3,15,15
0.10013771057128906,3,3,15,15
0.10013747215270996,2,2,15,15
0.10013651847839355,2,2,10,10
0.1001288890838623,1,1,10,10
0.10013818740844727,1,1,5,5
0.10013747215270996,1,1,5,5
0.10013484954833984,1,0,5,5
0.10013723373413086,0,0,5,0
0.10012483596801758,0,0,0,0
0.10013699531555176,0,0,0,0
0.10013365745544434,0,0,0,0
0.10014486312866211,0,0,0,0
0.10013198852539062,1,-1,0,0
0.10012316703796387,1,-1,5,-5
0.10013747215270996,1,-1,5,-5
0.10013580322265625,2,-2,5,-5
0.10013794898986816,2,-2,10,-10
0.10013127326965332,3,-3,10,-10
0.10013556480407715,3,-3,15,-15
0.10013604164123535,4,-4,15,-15
0.10013866424560547,5,-5,20,-20
0.10013461112976074,5,-5,25,-25
0.10013723373413086,5,-5,25,-25
0.10013437271118164,5,-5,25,-25
0.10013222694396973,5,-5,26,-26
0.10013699531555176,5,-5,24,-24
0.1001284122467041,5,-5,25,-25
0.10006332397460938,5,-5,25,-25
0.10013675689697266,5,-5,25,-25
0.10012412071228027,5,-5,25,-25
0.10035991668701172,5,-5,25,-25
0.10013151168823242,5,-5,25,-25
0.10013556480407715,5,-5,25,-25
0.10013532638549805,5,-5,25,-25
0.10013747215270996,5,-5,25,-25
0.10016655921936035,5,-4,25,-25
0.10012578964233398,4,-3,25,-20
0.10013628005981445,4,-2,20,-15
0.10013604164123535,4,-2,20,-10
0.10013651847839355,3,-1,20,-10
0.10013866424560547,3,0,15,-5
0.10013675689697266,4,0,15,0
0.10013055801391602,5,0,20,0
0.10013413429260254,6,0,25,0
0.10013461112976074,7,-1,30,0
0.10013270378112793,8,-1,35,-5
0.100128173828125,8,0,40,-5
0.10013604164123535,10,0,41,0
0.10014677047729492,10,1,49,0
0.10013604164123535,10,2,50,5
0.10013556480407715,10,4,50,10
0.10013771057128906,10,5,50,20
0.1001291275024414,11,7,50,25
0.10013747215270996,12,8,55,35
0.10013604164123535,12,9,60,40
0.10012936592102051,13,11,60,45
0.10013675689697266,12,10,65,55
0.10013604164123535,11,9,60,50
0.10013699531555176,9,8,55,45
0.10014724731445312,8,7,45,40
0.10013628005981445,7,6,40,35
0.10012936592102051,6,6,35,30
0.10014629364013672,5,5,30,30
0.10013651847839355,4,4,25,25
0.10012936592102051,4,4,20,20
0.10012531280517578,3,3,20,20
0.10015726089477539,2,3,15,15
0.1001274585723877,2,3,10,15
0.10013175010681152,1,2,10,15
0.10014629364013672,1,2,5,10
0.10012960433959961,0,2,5,10
0.10013699531555176,0,2,0,10
0.10013604164123535,0,2,0,10
0.10013079643249512,-1,2,0,10
0.1001274585723877,-1,2,-5,10
0.10013461112976074,-2,2,-5,10
0.10013461112976074,-2,2,-10,10
0.10013675689697266,-1,1,-10,10
0.10013651847839355,-2,2,-5,5
0.10013103485107422,-2,2,-10,10
0.10013699531555176,-3,3,-10,10
0.10014677047729492,-3,3,-15,15
0.10012602806091309,-4,4,-15,15
0.10013818740844727,-5,5,-20,20
0.10013175010681152,-5,5,-25,25
0.10013628005981445,-5,5,-25,25
0.1001286506652832,-5,5,-25,25
0.1001436710357666,-5,5,-25,25
0.10013961791992188,-5,5,-25,25
0.10012936592102051,-5,5,-25,25
0.10013341903686523,-4,4,-25,25
0.10014629364013672,-3,3,-20,20
0.10013914108276367,-2,3,-15,15
0.10013365745544434,-2,3,-10,15
0.10008358955383301,-1,2,-10,15
0.10013842582702637,0,2,-5,10
0.10013151168823242,0,2,0,10
0.10013675689697266,0,2,0,10
0.10013794898986816,1,2,0,10
0.10011982917785645,1,3,5,10
0.10013127326965332,2,3,5,15
0.10013794898986816,2,3,10,15
0.10011100769042969,3,4,10,15
0.1001279354095459,4,4,15,20
0.10013079643249512,4,5,20,20
0.10013532638549805,5,5,20,25
0.10013175010681152,6,6,25,25
0.10016870498657227,5,5,30,30
0.10013198852539062,4,4,25,25
0.10012650489807129,4,4,20,20
0.10013771057128906,3,3,20,20
0.10012960433959961,3,2,15,15
0.10013723373413086,3,2,15,10
0.10012984275817871,2,1,15,10
0.10013318061828613,3,2,10,5
0.10013461112976074,4,2,14,10
0.10013747215270996,4,2,20,10
0.10013651847839355,5,2,20,10
0.10012960433959961,6,3,25,10
0.10013818740844727,7,3,30,15
0.10012960433959961,9,3,35,15
0.10013270378112793,7,3,47,16
0.10007834434509277,6,3,34,14
0.10013103485107422,5,2,32,16
0.1001291275024414,4,2,24,10
0.10013747215270996,5,3,20,10
0.10013532638549805,6,3,25,15
0.10013723373413086,5,2,30,15
0.10013318061828613,5,1,25,10
0.10012984275817871,5,1,25,5
0.10012626647949219,5,0,25,5
0.10012578964233398,5,0,25,0
0.10013079643249512,5,-1,25,0
0.10013389587402344,5,-2,25,-5
0.10013675689697266,6,-3,25,-10
0.10013294219970703,6,-4,30,-15
0.10013365745544434,5,-4,30,-20
0.10013771057128906,5,-4,25,-20
0.10014653205871582,5,-4,25,-20
0.10013794898986816,5,-5,25,-20
0.10013651847839355,5,-5,25,-25
0.10013628005981445,4,-4,25,-25
0.10013937950134277,3,-3,20,-20
0.10013651847839355,3,-3,15,-15
0.1001434326171875,2,-2,15,-15
0.10013794898986816,2,-2,10,-10
0.10012936592102051,1,-1,10,-10
0.10013651847839355,1,-1,5,-5
0.10013699531555176,1,-1,5,-5
0.10013604164123535,0,0,5,-5
0.10012435913085938,0,0,0,0
0.10013651847839355,0,0,0,0
0.1001291275024414,0,0,0,0
0.10013747215270996,0,0,0,0
0.10013771057128906,0,0,0,0
0.10013580322265625,0,0,0,0
0.10013866424560547,0,0,0,0
0.10012340545654297,0,0,0,0
0.10014057159423828,0,0,0,0
0.10016584396362305,0,0,0,0
0.10014653205871582,0,0,0,0
0.10013771057128906,0,0,0,0
0.10013556480407715,0,0,0,0
0.10013675689697266,0,0,0,0
0.10012698173522949,0,0,0,0
0.10013628005981445,0,0,0,0
0.10013294219970703,0,0,0,0
0.10013246536254883,0,0,0,0
0.10012698173522949,0,0,0,0
0.10012459754943848,0,0,0,0
0.10013651847839355,0,0,0,0
0.10013651847839355,0,0,0,0
0.10013914108276367,0,0,0,0
0.10013151168823242,0,0,0,0
0.10013699531555176,0,0,0,0
0.10013771057128906,0,0,0,0
0.1001291275024414,-1,1,0,0
0.10013651847839355,-1,1,-5,5
0.10013484954833984,-1,1,-5,5
0.10005426406860352,-2,2,-5,5
0.10013103485107422,-1,1,-10,10
0.10013985633850098,-1,1,-5,5
0.10013866424560547,-1,1,-5,5
0.10013675689697266,-2,2,-5,5
0.10013723373413086,-1,1,-10,10
0.10013771057128906,-1,1,-5,5
0.10013628005981445,-1,1,-5,5
0.10017061233520508,-2,2,-5,5
0.10013461112976074,-2,2,-10,10
0.10009312629699707,-3,3,-10,10
0.10013604164123535,-3,3,-15,15
0.10013532638549805,-4,4,-15,15
0.10013532638549805,-5,5,-20,20
0.10013604164123535,-5,5,-25,25
0.10012984275817871,-4,4,-25,25
0.10015583038330078,-3,3,-20,20
0.1001443862915039,-3,3,-15,15
0.10013747215270996,-2,2,-15,15
0.10007333755493164,-2,2,-10,10
0.10013723373413086,-1,1,-10,10
0.10013413429260254,-1,1,-5,5
0.10012984275817871,-1,1,-5,5
0.10013628005981445,0,0,-5,5
0.10022616386413574,0,0,0,0
0.10013437271118164,0,0,0,0
0.10013723373413086,0,0,0,0
0.10013532638549805,0,0,0,0
0.10013699531555176,0,0,0,0
0.10013842582702637,0,1,0,0
0.10013747215270996,1,1,0,5
0.10013675689697266,1,1,5,5
0.1001288890838623,2,1,5,5
0.10013723373413086,2,2,10,5
0.10012984275817871,3,2,10,10
0.10012936592102051,3,2,15,10
0.10013675689697266,4,3,15,10
0.10012531280517578,4,2,20,15
0.10013079643249512,4,1,20,10
0.1001284122467041,3,1,20,5
0.10013699531555176,2,1,15,5
0.10013699531555176,2,1,10,5
0.10013699531555176,1,0,10,5
0.10013389587402344,1,0,5,0
0.10012555122375488,1,0,5,0
0.10013437271118164,1,0,5,0
0.1000680923461914,1,0,5,0
0.10013651847839355,1,0,5,0
0.10013699531555176,1,0,5,0
0.10013699531555176,2,0,5,0
0.10012698173522949,2,0,10,0
0.10013389587402344,2,1,10,0
0.10013747215270996,2,1,10,5
0.10013103485107422,2,2,10,5
0.10013008117675781,3,2,10,10
0.10011649131774902,3,2,15,10
0.10013556480407715,4,3,15,10
0.10013413429260254,4,3,20,15
0.10012674331665039,5,4,20,15
0.10012340545654297,5,5,25,20
0.10042119026184082,6,6,25,25
0.10011982917785645,7,7,31,31
0.10013723373413086,8,8,35,35
0.10012984275817871,9,9,38,38
0.10013675689697266,10,10,45,45
0.10013771057128906,11,11,50,50
0.10013699531555176,12,12,55,55
0.10013461112976074,14,14,61,61
0.10013723373413086,15,15,70,70
0.10013222694396973,17,17,74,74
0.10013580322265625,18,18,85,85
0.10014009475708008,20,20,90,90
0.10013651847839355,21,21,100,100
0.10013580322265625,21,21,107,107
0.10106801986694336,21,21,103,103
0.10040903091430664,21,21,107,107
0.10013723373413086,21,21,104,104
0.10013365745544434,20,20,108,108
0.10012531280517578,18,18,100,100
0.1001291275024414,16,16,89,89
0.10012674331665039,14,15,81,81
0.10012483596801758,13,14,71,76
0.10013818740844727,11,12,65,70
0.10013699531555176,10,11,55,60
0.10013127326965332,11,13,50,55
0.10013890266418457,12,14,55,65
0.10013794898986816,14,15,60,70
0.10013699531555176,16,16,70,75
0.10013842582702637,17,18,80,80
0.10013723373413086,19,20,85,90
0.10013747215270996,21,22,95,100
0.10013556480407715,21,21,106,111
0.10013651847839355,21,21,105,105
0.10014820098876953,21,21,105,105
0.10013580322265625,21,21,105,105
0.10013103485107422,21,21,105,105
0.10013937950134277,21,21,104,104
0.10013151168823242,21,21,106,106
0.10013580322265625,21,21,105,105
0.10015010833740234,21,21,104,104
0.10012936592102051,20,20,106,106
0.10016560554504395,18,18,99,99
0.10013556480407715,16,16,91,91
0.10013651847839355,18,18,80,80
0.10013771057128906,20,20,90,90
0.10012698173522949,21,21,101,101
0.10013651847839355,21,21,105,105
0.10012650489807129,20,20,105,105
0.10013508796691895,18,18,100,100
0.10013842582702637,16,16,90,90
0.10013556480407715,15,15,80,80
0.10014081001281738,13,13,75,75
0.10013699531555176,12,12,66,66
0.10013580322265625,13,13,60,60
0.10012698173522949,15,15,65,65
0.10013818740844727,13,13,75,75
0.10014176368713379,12,12,65,65
0.10012626647949219,10,10,60,60
0.10013675689697266,9,9,50,50
0.10013914108276367,8,8,45,45
0.1001274585723877,9,9,40,40
0.10013628005981445,10,10,45,45
0.10013651847839355,9,9,50,50
0.10013651847839355,8,8,45,45
0.10009932518005371,7,7,40,40
0.10013675689697266,6,6,35,35
0.10013914108276367,7,7,30,30
0.10013675689697266,8,8,35,35
0.10012936592102051,9,9,40,40
0.10013866424560547,8,8,45,45
0.10013675689697266,7,7,40,40
0.10013246536254883,8,8,35,35
0.10013484954833984,9,9,40,40
0.10013413429260254,10,10,45,45
0.10016608238220215,9,9,50,50
0.10013294219970703,8,8,45,45
0.10007739067077637,7,7,40,40
0.10013127326965332,7,6,35,35
0.10013318061828613,6,5,35,30
0.10013294219970703,5,5,30,25
0.10014820098876953,5,4,25,25
0.10013818740844727,4,3,25,20
0.10012984275817871,4,2,20,15
0.10009574890136719,4,2,20,10
0.10013937950134277,3,1,20,10
0.10013628005981445,3,0,15,5
0.10013532638549805,3,0,15,0
0.10013341903686523,3,0,15,0
0.10013246536254883,3,-1,15,0
0.10013699531555176,4,-2,15,-5
0.10013651847839355,4,-3,20,-10
0.10013484954833984,4,-3,20,-15
0.10013723373413086,5,-4,20,-15
0.10013270378112793,5,-5,26,-21
0.10014104843139648,5,-5,24,-24
0.10013628005981445,5,-5,25,-25
0.10013556480407715,5,-5,25,-25
0.10014915466308594,5,-5,25,-25
0.1001284122467041,5,-5,25,-25
0.10013437271118164,5,-5,25,-25
0.10012555122375488,5,-5,25,-25
0.10013103485107422,5,-5,25,-25
0.10013651847839355,5,-5,25,-25
0.10018277168273926,5,-5,25,-25
0.10013127326965332,5,-5,25,-25
0.10012936592102051,5,-5,25,-25
0.10013747215270996,5,-5,25,-25
0.10013103485107422,5,-5,25,-25
0.10013532638549805,5,-5,25,-25
0.1001291275024414,5,-5,25,-25
0.10013198852539062,5,-4,25,-25
0.10012388229370117,5,-4,25,-20
0.10013794898986816,5,-4,25,-20
0.10013318061828613,6,-4,25,-20
0.10012698173522949,6,-3,30,-20
0.1001427173614502,6,-3,30,-15
0.10013651847839355,7,-3,30,-15
0.1001274585723877,7,-2,35,-15
0.10012650489807129,7,-2,35,-10
0.1001291275024414,8,-1,35,-10
0.10013699531555176,8,0,40,-5
0.10013651847839355,8,0,40,0
0.10012078285217285,6,0,41,0
0.10013413429260254,5,0,30,0
0.10013628005981445,4,0,25,0
0.10013008117675781,4,0,20,0
0.10013461112976074,3,0,20,0
0.10013389587402344,2,0,15,0
0.10013771057128906,2,1,10,0
0.10012674331665039,3,1,10,5
0.10014009475708008,3,2,15,5
0.1001279354095459,3,2,15,10
0.10013699531555176,4,3,15,10
0.10013222694396973,4,4,20,15
0.10014700889587402,5,4,20,20
0.10013866424560547,5,5,25,20
0.10013413429260254,6,6,25,25
0.10013675689697266,7,7,30,30
0.10013341903686523,6,6,35,35
0.10013556480407715,5,5,30,30
0.10014152526855469,4,4,25,25
0.10013055801391602,4,4,20,20
0.10013365745544434,3,3,20,20
0.10013413429260254,3,3,15,15
0.100128173828125,2,3,15,15
0.10013723373413086,2,2,10,15
0.10013794898986816,1,2,10,10
0.10013246536254883,1,2,5,10
0.10012531280517578,0,2,5,10
0.10013794898986816,0,1,0,10
0.10012698173522949,0,1,0,5
0.10008668899536133,0,1,0,5
0.10013413429260254,-1,2,0,5
0.10013628005981445,-2,2,-5,10
0.10005664825439453,-2,2,-10,10
0.10013604164123535,-2,2,-10,10
0.10013532638549805,-1,1,-10,10
0.1001429557800293,-1,1,-5,5
0.10013723373413086,-1,1,-5,5
0.1000523567199707,0,1,-5,5
0.10013961791992188,-1,1,0,5
0.10013294219970703,-1,1,-5,5
0.10013723373413086,-1,1,-5,5
0.10013389587402344,-2,2,-5,5
0.10013937950134277,-2,2,-10,10
0.10013532638549805,-3,3,-10,10
0.10013985633850098,-3,3,-15,15
0.10013651847839355,-4,4,-15,15
0.10013437271118164,-5,5,-20,20
0.10013079643249512,-5,5,-25,25
0.10013389587402344,-5,5,-25,25
0.10014176368713379,-4,4,-25,25
0.10013794898986816,-3,3,-20,20
0.10013771057128906,-3,3,-15,15
0.10013771057128906,-2,2,-15,15
0.10013651847839355,-3,3,-10,10
0.10012483596801758,-2,2,-15,15
0.10013294219970703,-1,2,-10,10
0.10013151168823242,-1,2,-5,10
0.10013842582702637,0,2,-5,10
0.10013508796691895,0,2,0,10
0.10013508796691895,0,2,0,10
0.10013604164123535,0,2,0,10
0.10014843940734863,1,2,0,10
0.10007095336914062,1,2,5,10
0.10013699531555176,2,3,5,10
0.10013413429260254,3,3,10,15
0.10013484954833984,3,3,15,15
0.10013151168823242,4,4,15,15
0.10016584396362305,5,4,20,20
0.10013365745544434,5,5,25,20
0.10013818740844727,6,6,25,25
0.10013890266418457,7,6,30,30
0.1001288890838623,8,7,35,30
0.10013461112976074,9,8,40,35
0.10021829605102539,11,9,45,40
0.10012102127075195,12,10,55,45
0.10013675689697266,13,11,60,50
0.10013508796691895,14,13,65,55
0.10013508796691895,16,14,70,65
0.10013437271118164,18,15,80,70
0.10013604164123535,20,17,88,73
0.1001431941986084,22,18,100,85
0.10012602806091309,24,19,113,93
0.10013484954833984,24,19,117,93
0.10013604164123535,24,19,121,96
0.10013556480407715,23,20,119,94
0.10013294219970703,21,18,115,100
0.10013484954833984,19,17,108,93
0.10012960433959961,17,15,94,84
0.10013699531555176,16,13,87,76
0.10012626647949219,15,12,80,65
0.10012006759643555,14,10,75,60
0.10013747215270996,13,8,68,48
0.10013008117675781,12,7,67,41
0.10013270378112793,11,5,60,35
0.10012960433959961,11,4,54,24
0.10013580322265625,11,2,56,20
0.10013628005981445,9,2,55,10
0.10013556480407715,8,2,45,10
0.10014176368713379,7,2,40,10
0.10013580322265625,7,1,35,10
0.10013628005981445,8,1,34,5
0.10012555122375488,7,1,40,5
0.10013341903686523,6,0,36,5
0.10013246536254883,6,1,30,0
0.10013628005981445,6,2,29,5
0.10013556480407715,6,3,30,10
0.10013389587402344,7,4,30,15
0.10013818740844727,7,5,36,21
0.10013246536254883,8,7,35,25
0.10013437271118164,9,8,40,35
0.10013079643249512,10,9,45,40
0.10013294219970703,11,10,51,46
0.10012531280517578,12,12,52,48
0.10013222694396973,13,13,60,60
0.1001439094543457,15,15,66,66
0.10013198852539062,13,13,75,75
0.10013008117675781,12,12,65,65
0.10015630722045898,10,11,60,60
0.10013341903686523,9,10,49,54
0.10013699531555176,8,9,46,51
0.10013628005981445,7,8,40,45
0.10013103485107422,6,7,35,40
0.10013270378112793,4,7,30,35
0.10013604164123535,3,6,20,35
0.10013437271118164,2,6,15,30
0.10013294219970703,1,6,10,30
0.10013484954833984,1,5,5,30
0.10013651847839355,1,4,5,25
0.10013508796691895,1,3,5,20
0.10013270378112793,1,3,5,15
0.10012555122375488,0,3,5,15
0.10004758834838867,0,3,0,15
0.10013628005981445,0,3,0,15
0.10013294219970703,-1,3,0,15
0.10013794898986816,-1,3,-5,15
0.10012483596801758,-2,3,-5,15
0.10013079643249512,-3,3,-10,15
0.10013103485107422,-4,4,-15,15
0.10015702247619629,-3,3,-20,20
0.10013461112976074,-3,3,-15,15
0.1001291275024414,-3,3,-15,15
0.10013365745544434,-4,4,-15,15
0.10013866424560547,-5,5,-20,20
0.10013747215270996,-5,5,-25,25
0.10013580322265625,-5,5,-25,25
0.10014772415161133,-5,5,-25,25
0.10013747215270996,-4,4,-25,25
0.10013699531555176,-3,3,-20,20
0.10013604164123535,-3,3,-15,15
0.10013580322265625,-2,2,-15,15
0.10013961791992188,-3,3,-10,10
0.10013580322265625,-2,2,-15,15
0.10013794898986816,-1,2,-10,10
0.10013675689697266,-1,2,-5,10
0.10013484954833984,0,2,-5,10
0.10013008117675781,0,2,0,10
0.10014581680297852,0,1,0,10
0.10012936592102051,0,1,0,5
0.10014200210571289,0,0,0,5
0.10013699531555176,0,0,0,0
0.10012960433959961,0,0,0,0
0.10013818740844727,0,0,0,0
0.1001274585723877,0,0,0,0
0.10013985633850098,0,0,0,0
0.1001284122467041,0,0,0,0
0.10014939308166504,0,0,0,0
0.10013675689697266,0,0,0,0
0.1001284122467041,0,0,0,0
0.10014224052429199,1,0,0,0
0.10013461112976074,1,0,5,0
0.1001274585723877,2,0,5,0
0.10013318061828613,2,0,10,0
0.10012984275817871,2,0,10,0
0.10012364387512207,2,-1,10,0
0.10013604164123535,1,0,10,-5
0.10013723373413086,2,-1,5,0
0.10013055801391602,2,-1,10,-5
0.10013842582702637,3,-1,10,-5
0.10013675689697266,4,-2,15,-5
0.10005354881286621,5,-2,20,-10
0.10013771057128906,6,-2,25,-10
0.10014462471008301,7,-3,30,-10
0.10013031959533691,5,-2,35,-15
0.10013747215270996,5,-2,25,-10
0.10013437271118164,5,-3,26,-10
0.10013628005981445,6,-3,24,-15
0.10013198852539062,6,-3,30,-15
0.10012412071228027,5,-2,30,-15
0.10013937950134277,5,-2,25,-10
0.10013437271118164,5,-1,25,-10
0.10013771057128906,5,0,25,-5
0.10013413429260254,4,0,25,0
0.10013127326965332,3,0,20,0
0.10007739067077637,3,0,15,0
0.10013794898986816,3,1,15,0
0.10013246536254883,3,1,15,5
0.10014033317565918,4,2,15,5
0.10012483596801758,4,3,20,10
0.10013341903686523,4,3,20,15
0.10013723373413086,5,4,20,15
0.1001424789428711,5,5,25,20
0.10013604164123535,6,6,25,25
0.10013175010681152,5,5,30,30
0.10013461112976074,4,5,25,25
0.10014915466308594,4,4,20,25
0.10013008117675781,3,4,20,20
0.10014462471008301,2,3,15,20
0.10012459754943848,2,3,10,15
0.10013651847839355,1,3,10,15
0.10013747215270996,1,2,5,15
0.10014104843139648,0,2,5,10
0.10013818740844727,0,2,0,10
0.10013604164123535,0,2,0,10
0.10013556480407715,-1,2,0,10
0.10013604164123535,-2,3,-5,10
0.10013246536254883,-2,3,-10,15
0.10013937950134277,-3,3,-10,15
0.1000821590423584,-4,4,-15,15
0.10013771057128906,-5,5,-20,20
0.10012650489807129,-5,5,-25,25
0.10012578964233398,-5,5,-25,25
0.10013890266418457,-5,5,-25,25
0.10013723373413086,-5,5,-25,25
0.1001284122467041,-5,5,-25,25
0.1001286506652832,-5,5,-25,25
0.10013675689697266,-5,5,-25,25
0.10012960433959961,-4,4,-25,25
0.10013580322265625,-3,3,-20,20
0.10013175010681152,-3,3,-15,15
0.10013008117675781,-2,2,-15,15
0.10013294219970703,-2,2,-10,10
0.10013723373413086,-1,2,-10,10
0.10012698173522949,0,1,-5,10
0.10013127326965332,0,1,0,5
0.10013413429260254,0,1,0,5
0.10013461112976074,0,2,0,5
0.1001274585723877,1,2,0,10
0.1000666618347168,1,2,5,10
0.10013914108276367,2,2,5,10
0.10013747215270996,2,3,10,10
0.10013031959533691,2,2,10,15
0.10013675689697266,2,2,10,10
0.10013651847839355,1,1,10,10
0.10013437271118164,2,2,5,5
0.10014629364013672,2,2,10,10
0.10013532638549805,2,2,10,10
0.10013771057128906,3,3,10,10
0.10013699531555176,3,3,15,15
0.10013914108276367,4,4,15,15
0.10013723373413086,3,3,20,20
0.10013508796691895,3,3,15,15
0.10015535354614258,2,2,15,15
0.10013723373413086,2,2,10,10
0.10013794898986816,2,2,10,10
0.10013771057128906,2,2,10,10
0.10013723373413086,2,2,10,10
0.10012364387512207,1,1,10,10
0.10013771057128906,1,1,5,5
0.10013341903686523,1,1,5,5
0.10012531280517578,0,0,5,5
0.10013842582702637,1,1,0,0
0.10013532638549805,1,1,5,5
0.10013723373413086,1,1,5,5
0.10016059875488281,1,1,5,5
0.10013818740844727,1,1,5,5
0.10013341903686523,1,1,5,5
0.1001427173614502,1,1,5,5
0.1001288890838623,1,1,5,5
0.10008454322814941,1,1,5,5
0.10010266304016113,0,0,5,5
0.1001291275024414,1,1,0,0
0.10013103485107422,1,1,5,5
0.10013699531555176,1,1,5,5
0.10013794898986816,1,1,5,5
0.10014462471008301,1,1,5,5
0.10013699531555176,0,0,5,5
0.10013580322265625,1,1,0,0
0.10013031959533691,0,0,5,5
0.10013723373413086,0,0,0,0
0.10013890266418457,0,0,0,0
0.10013723373413086,0,0,0,0
0.10013556480407715,0,0,0,0
0.10013866424560547,0,0,0,0
0.10013747215270996,0,0,0,0
0.10027527809143066,0,0,0,0
0.10013794898986816,0,0,0,0
0.10013651847839355,0,0,0,0
0.10012626647949219,0,0,0,0
0.10013628005981445,1,1,0,0
0.10016059875488281,1,1,5,5
0.10013818740844727,1,1,5,5
0.10013794898986816,1,1,5,5
0.10013675689697266,1,1,5,5
0.10013675689697266,1,1,5,5
0.10013794898986816,1,1,5,5
0.10013723373413086,2,2,5,5
0.10013699531555176,2,2,10,10
0.10013890266418457,2,2,10,10
0.10013771057128906,3,3,10,10
0.10013651847839355,3,3,15,15
0.10013699531555176,3,3,15,15
0.10013675689697266,2,2,15,15
0.10005640983581543,2,2,10,10
0.10013818740844727,2,1,10,10
0.10012984275817871,1,1,10,5
0.10013842582702637,1,1,5,5
0.10013699531555176,1,0,5,5
0.10013794898986816,1,0,5,0
0.10013055801391602,1,0,5,0
0.10013651847839355,1,0,5,0
0.1001441478729248,1,-1,5,0
0.10013747215270996,1,-1,5,-5
0.10013866424560547,1,-1,5,-5
0.10012602806091309,2,-2,5,-5
0.10014510154724121,2,-2,10,-10
0.10013747215270996,3,-3,10,-10
0.10013699531555176,2,-2,15,-15
0.10014843940734863,2,-2,10,-10
0.10013723373413086,2,-2,10,-10
0.10012578964233398,3,-3,10,-10
0.10013484954833984,3,-3,15,-15
0.10013961791992188,4,-4,15,-15
0.10013771057128906,5,-5,20,-20
0.10013437271118164,5,-5,25,-25
0.10013651847839355,5,-5,25,-25
0.10013294219970703,4,-4,25,-25
0.10013532638549805,5,-5,20,-20
0.10013508796691895,4,-4,25,-25
0.10014057159423828,3,-3,20,-20
0.10013294219970703,3,-3,15,-15
0.10013580322265625,2,-2,15,-15
0.10012602806091309,2,-2,10,-10
0.10014605522155762,1,-1,10,-10
0.10013532638549805,1,-1,5,-5
0.10013580322265625,1,-1,5,-5
0.10013628005981445,0,0,5,-5
0.10013723373413086,0,0,0,0
0.10013628005981445,0,0,0,0
0.10013747215270996,0,0,0,0
0.10013699531555176,0,0,0,0
0.10013699531555176,0,0,0,0
0.10017251968383789,0,0,0,0
0.10013651847839355,0,0,0,0
0.10013484954833984,0,0,0,0
0.10013556480407715,0,0,0,0
0.10013437271118164,0,0,0,0
0.10013556480407715,0,0,0,0
0.10012531280517578,0,0,0,0
0.10013794898986816,0,0,0,0
0.10013437271118164,0,0,0,0
0.10012626647949219,0,0,0,0
0.10012698173522949,0,0,0,0
0.10012626647949219,0,0,0,0
0.10012602806091309,0,0,0,0
0.10014224052429199,-1,1,0,0
0.1001291275024414,-1,1,-5,5
0.10012578964233398,-1,1,-5,5
0.10013699531555176,-2,2,-5,5
0.10013389587402344,-1,1,-10,10
0.10013580322265625,-1,1,-5,5
0.10013723373413086,-1,1,-5,5
0.10013484954833984,-1,1,-5,5
0.10014820098876953,-1,1,-5,5
0.10013031959533691,-1,1,-5,5
0.10013675689697266,-1,1,-5,5
0.10013818740844727,-1,1,-5,5
0.10013747215270996,-1,1,-5,5
0.10005426406860352,-2,2,-5,5
0.10013556480407715,-2,2,-10,10
0.1001286506652832,-3,3,-10,10
0.10014009475708008,-3,3,-15,15
0.10013079643249512,-3,3,-15,15
0.10013747215270996,-2,2,-15,15
0.10013699531555176,-2,2,-10,10
0.10013771057128906,-1,1,-10,10
0.10013818740844727,-2,2,-5,5
0.10013508796691895,-2,2,-10,10
0.10013771057128906,-2,2,-10,10
0.10013484954833984,-1,1,-10,10
0.10013556480407715,-1,1,-5,5
0.10013580322265625,-1,1,-5,5
0.10015535354614258,-1,1,-5,5
0.10012936592102051,-1,1,-5,5
0.10013651847839355,0,0,-5,5
0.10014653205871582,0,0,0,0
0.10017180442810059,0,0,0,0
0.10012483596801758,0,0,0,0
0.10012626647949219,0,0,0,0
0.10013318061828613,0,0,0,0
0.10013556480407715,0,0,0,0
0.10013175010681152,1,1,0,0
0.10012507438659668,1,1,5,5
0.10013031959533691,1,1,5,5
0.10013866424560547,2,1,5,5
0.1001286506652832,2,2,10,5
0.10013699531555176,2,2,10,10
0.10012412071228027,3,3,10,10
0.1001274585723877,3,3,15,15
0.10013651847839355,4,4,15,15
0.10013723373413086,5,4,20,20
0.1001279354095459,5,5,25,20
0.10012364387512207,6,6,25,25
0.10012674331665039,7,7,30,30
0.10013461112976074,6,6,35,35
0.10013628005981445,5,5,30,30
0.10014677047729492,6,6,25,25
0.10013651847839355,7,6,30,30
0.10013794898986816,8,7,35,30
0.10012435913085938,10,8,40,35
0.10013794898986816,11,9,50,40
0.10013771057128906,12,10,55,45
0.10013437271118164,13,12,60,50
0.10009765625,14,13,65,60
0.10014796257019043,16,15,70,65
0.1001431941986084,17,16,79,75
0.10013651847839355,19,18,86,81
0.10013747215270996,21,19,95,90
0.10013675689697266,20,17,105,95
0.10013270378112793,18,15,100,85
0.10013508796691895,17,13,90,75
0.10013437271118164,16,11,85,65
0.10014677047729492,15,10,80,55
0.1001288890838623,14,8,76,50
0.10013794898986816,13,6,70,40
0.10013771057128906,13,4,65,30
0.10014104843139648,13,3,65,20
0.10013699531555176,14,4,65,15
0.1001286506652832,15,5,70,20
0.10014677047729492,16,6,75,25
0.10008502006530762,17,8,80,30
0.10012960433959961,17,10,85,40
0.10013747215270996,18,12,85,50
0.10013675689697266,19,14,90,60
0.10013270378112793,21,16,95,70
0.10012483596801758,22,18,106,80
0.10013294219970703,23,20,113,92
0.10013985633850098,21,18,112,98
0.10013842582702637,19,17,105,90
0.10013842582702637,17,15,95,85
0.10013675689697266,15,14,86,75
0.10013604164123535,13,13,75,70
0.10012602806091309,12,11,65,65
0.10013890266418457,11,10,61,55
0.10013890266418457,9,9,55,50
0.10013604164123535,8,8,45,45
0.10013079643249512,7,7,42,42
0.10013771057128906,6,7,33,33
0.10012602806091309,5,6,30,35
0.10012674331665039,4,5,25,30
0.10013508796691895,4,5,20,25
0.10013914108276367,3,4,20,25
0.10013604164123535,2,4,15,20
0.10013818740844727,1,4,10,20
0.10014009475708008,1,4,5,20
0.10013270378112793,0,4,5,20
0.10012531280517578,0,4,0,20
0.10013723373413086,-1,4,0,20
0.10013699531555176,-1,4,-5,20
0.10012388229370117,-2,4,-5,20
0.10013794898986816,-3,5,-10,20
0.10013890266418457,-4,5,-15,25
0.10013604164123535,-4,5,-20,25
0.10013723373413086,-5,5,-20,25
0.10013484954833984,-5,5,-25,25
0.10013318061828613,-5,5,-25,25
0.10012578964233398,-5,5,-25,25
0.1001441478729248,-5,5,-25,25
0.10013794898986816,-5,5,-25,25
0.10012936592102051,-5,5,-25,25
0.10013628005981445,-5,5,-25,25
0.10012531280517578,-5,5,-25,25
0.10013794898986816,-5,5,-25,25
0.10013079643249512,-5,5,-25,25
0.10013818740844727,-5,5,-25,25
0.10009932518005371,-4,5,-25,25
0.10013151168823242,-4,5,-20,25
0.10012602806091309,-4,5,-20,25
0.10012984275817871,-4,6,-20,25
0.10012674331665039,-3,6,-20,30
0.10013318061828613,-3,6,-15,30
0.10013961791992188,-3,7,-15,30
0.10013294219970703,-2,7,-15,35
0.10013484954833984,-2,7,-10,35
0.1001286506652832,-1,8,-10,35
0.1001291275024414,-1,8,-5,40
0.10019993782043457,0,8,-5,40
0.1001291275024414,1,8,0,40
0.10014963150024414,1,10,5,40
0.10013508796691895,1,11,5,50
0.10013747215270996,2,11,5,55
0.10013794898986816,4,11,10,55
0.10013842582702637,4,10,20,55
0.10013532638549805,3,9,20,50
0.10013723373413086,3,7,15,45
0.1001443862915039,3,6,15,35
0.10013175010681152,2,5,15,30
0.10013175010681152,3,6,10,25
0.10013723373413086,4,6,15,30
0.10013103485107422,5,7,20,30
0.10013628005981445,6,7,25,35
0.10013532638549805,7,8,30,35
0.10013556480407715,8,9,35,40
0.10013747215270996,10,10,40,45
0.10014629364013672,11,11,50,50
0.10012435913085938,12,12,55,55
0.1001288890838623,14,13,61,61
0.10013771057128906,15,15,69,64
0.10013675689697266,17,17,75,75
0.10013794898986816,18,18,85,85
0.10013079643249512,20,20,90,90
0.10014081001281738,22,21,100,100
0.1001279354095459,22,21,111,106
0.10013651847839355,22,21,110,105
0.10012674331665039,22,21,110,105
0.10013818740844727,22,21,110,105
0.10013222694396973,22,21,110,105
0.10013675689697266,22,20,110,105
0.1001286506652832,21,18,110,100
0.1001429557800293,19,16,105,90
0.10013246536254883,18,14,95,80
0.10013723373413086,16,13,90,70
0.10013651847839355,14,12,80,65
0.10013747215270996,13,11,70,60
0.10012555122375488,11,10,65,55
0.10013484954833984,10,9,55,50
0.10012435913085938,9,8,50,45
0.10013699531555176,8,6,45,40
0.10013747215270996,7,6,40,30
0.10013818740844727,6,5,35,30
0.10013890266418457,5,4,30,25
0.10013604164123535,5,4,25,20
0.10013341903686523,5,5,25,20
0.10013294219970703,6,6,25,25
0.10012388229370117,6,6,30,30
0.10015153884887695,7,7,30,30
0.10013651847839355,8,8,35,35
0.10013699531555176,9,9,40,40
0.10013294219970703,10,10,45,45
0.10013723373413086,12,12,50,50
0.10013842582702637,13,13,60,60
0.10006022453308105,14,15,65,65
0.10013818740844727,16,16,70,75
0.10013079643249512,17,18,80,80
0.10013628005981445,19,20,85,90
0.10013675689697266,21,22,94,99
0.10012078285217285,20,22,106,111
0.10013318061828613,20,23,100,110
0.10013890266418457,20,23,100,115
0.100128173828125,20,23,100,115
0.10004329681396484,19,24,100,115
0.10013866424560547,19,24,95,120
0.10013628005981445,18,25,95,120
0.10013771057128906,19,24,90,125
0.10013699531555176,19,24,95,120
0.1001291275024414,20,23,95,120
0.100128173828125,19,24,100,115
0.10013747215270996,19,24,95,120
0.10013818740844727,19,24,95,120
0.10013771057128906,20,23,95,120
0.10013675689697266,20,23,100,115
0.10013055801391602,20,23,101,116
0.10013628005981445,20,22,100,115
0.10013723373413086,21,22,100,110
0.10012483596801758,21,22,105,110
0.10013484954833984,21,22,107,112
0.1001284122467041,21,22,103,108
0.10013651847839355,21,22,106,111
0.10013866424560547,21,22,105,110
0.10013580322265625,21,21,105,111
0.1001272201538086,22,21,105,105
0.10013771057128906,22,21,110,105
0.10012507438659668,22,21,110,105
0.10013484954833984,22,21,111,106
0.10013771057128906,22,21,109,104
0.10013532638549805,22,21,111,106
0.10013842582702637,22,20,110,105
0.10013580322265625,21,18,111,101
0.10013747215270996,19,16,105,90
0.10013413429260254,18,14,95,80
0.10013747215270996,17,12,90,70
0.10012626647949219,16,10,85,60
0.1001286506652832,15,9,80,50
0.10013651847839355,14,7,75,45
0.10010766983032227,14,5,70,35
0.10013818740844727,13,3,70,25
0.10013461112976074,12,2,65,15
0.10013628005981445,12,1,60,10
0.10012984275817871,11,1,60,5
0.1001288890838623,10,0,55,5
0.10013461112976074,9,0,50,0
0.10013723373413086,9,0,45,0
0.10013389587402344,8,-1,45,0
0.10004973411560059,8,-1,40,-5
0.10013794898986816,7,-2,40,-5
0.100128173828125,7,-2,35,-10
0.10013628005981445,6,-3,35,-10
0.10013651847839355,6,-3,30,-15
0.10013723373413086,6,-3,30,-15
0.10012555122375488,5,-4,30,-15
0.10013532638549805,5,-4,25,-20
0.10013103485107422,5,-4,25,-20
0.10014772415161133,5,-4,25,-20
0.10013484954833984,5,-5,25,-20
0.10013580322265625,5,-5,25,-25
0.10013079643249512,5,-5,25,-25
0.10013127326965332,5,-5,25,-25
0.10013198852539062,5,-5,25,-25
0.10013008117675781,5,-5,25,-25
0.10013699531555176,5,-5,25,-25
0.10013556480407715,5,-5,25,-25
0.10012674331665039,5,-5,25,-25
0.10013771057128906,5,-5,25,-25
0.1001286506652832,5,-5,25,-25
0.10013914108276367,5,-5,25,-25
0.10013890266418457,5,-5,25,-25
0.10007762908935547,5,-5,25,-25
0.10013604164123535,5,-5,25,-25
0.10014677047729492,5,-5,25,-25
0.10013771057128906,5,-5,25,-25
0.10012650489807129,4,-4,25,-25
0.10014724731445312,3,-3,20,-20
0.10013747215270996,3,-3,15,-15
0.10012936592102051,2,-2,15,-15
0.10013628005981445,2,-2,10,-10
0.10013556480407715,1,-1,10,-10
0.10012388229370117,1,-1,5,-5
0.10013294219970703,1,-1,5,-5
0.10013532638549805,0,0,5,-5
