0.10015463829040527,0,0,0,0
0.10011672973632812,0,0,0,0
0.10014057159423828,0,0,0,0
0.10012578964233398,0,0,0,0
0.10014128684997559,0,0,0,0
0.10012626647949219,0,0,0,0
0.10012698173522949,0,0,0,0
0.10012984275817871,0,0,0,0
0.10012555122375488,0,0,0,0
0.1001436710357666,0,0,0,0
0.1001434326171875,0,0,0,0
0.10011672973632812,0,0,0,0
0.1001274585723877,0,0,0,0
0.1001431941986084,0,0,0,0
0.10013103485107422,0,0,0,0
0.10012149810791016,0,0,0,0
0.10012674331665039,0,0,0,0
0.10014891624450684,0,0,0,0
0.10011816024780273,0,0,0,0
0.10013008117675781,0,0,0,0
0.1001276969909668,0,0,0,0
0.10014057159423828,0,0,0,0
0.10014081001281738,0,0,0,0
0.10014152526855469,0,0,0,0
0.10013556480407715,0,0,0,0
0.10013628005981445,0,0,0,0
0.10005497932434082,0,0,0,0
0.10012960433959961,0,0,0,0
0.1001291275024414,0,0,0,0
0.1001441478729248,0,0,0,0
0.1001439094543457,0,0,0,0
0.1001431941986084,0,0,0,0
0.10014200210571289,0,0,0,0
0.10014200210571289,0,0,0,0
0.10014057159423828,0,0,0,0
0.10013556480407715,0,0,0,0
0.1001439094543457,0,0,0,0
0.1001439094543457,0,0,0,0
0.10013341903686523,0,0,0,0
0.10013866424560547,0,0,0,0
0.10014128684997559,0,0,0,0
0.10014128684997559,0,0,0,0
0.10014176368713379,1,1,0,0
0.1001286506652832,1,1,5,5
0.1001424789428711,2,2,5,5
0.10014200210571289,2,2,10,10
0.1001429557800293,3,3,10,10
0.1001288890838623,4,4,15,15
0.10013222694396973,5,5,20,20
0.1001288890838623,6,6,25,25
0.10014176368713379,7,7,30,30
0.10015416145324707,8,8,35,35
0.10013508796691895,9,9,40,40
0.1001429557800293,11,11,45,45
0.1001434326171875,12,12,55,55
0.1001427173614502,14,14,60,60
0.1001431941986084,16,16,70,70
0.10014128684997559,19,19,80,80
0.10015010833740234,21,21,96,96
0.1001427173614502,24,24,105,105
0.1001427173614502,27,27,120,120
0.10015487670898438,30,30,135,135
0.10014224052429199,30,30,150,150
0.10014939308166504,30,30,150,150
0.10014128684997559,30,30,151,151
0.10014224052429199,30,30,150,150
0.1001427173614502,30,30,150,150
0.10014200210571289,30,30,150,150
0.1001291275024414,26,26,151,151
0.10013031959533691,24,24,129,129
0.1001286506652832,21,21,120,120
0.10013222694396973,18,18,105,105
0.10012578964233398,16,16,90,90
0.10012412071228027,14,14,80,80
0.10013031959533691,12,13,70,70
0.1001429557800293,11,11,60,65
0.10014200210571289,9,9,55,55
0.10012698173522949,8,8,45,45
0.10014224052429199,7,7,40,40
0.10013628005981445,6,6,35,35
0.10014200210571289,7,7,30,30
0.1001434326171875,8,8,35,35
0.1001439094543457,9,9,40,40
0.1001272201538086,11,11,45,45
0.10014200210571289,12,12,55,55
0.10013651847839355,14,14,60,60
0.10014176368713379,16,16,71,71
0.10015606880187988,18,18,80,80
0.1001431941986084,16,16,91,91
0.1001427173614502,14,14,80,80
0.10013175010681152,16,16,70,70
0.10013628005981445,18,18,81,81
0.10013628005981445,16,16,90,90
0.1001431941986084,14,14,80,80
0.10015010833740234,12,13,70,70
0.10008788108825684,10,11,60,65
0.10011887550354004,8,10,50,55
0.10013580322265625,7,9,40,50
0.10014200210571289,5,8,35,45
0.10014224052429199,5,7,25,40
0.10014176368713379,4,5,25,35
0.10014200210571289,5,6,20,25
0.1001431941986084,6,7,25,30
0.1001429557800293,6,6,30,35
0.1001427173614502,5,5,30,30
0.10014200210571289,6,6,25,25
0.1001424789428711,7,7,30,30
0.10014200210571289,8,8,35,35
0.10013341903686523,9,10,40,40
0.10014986991882324,10,11,45,50
0.1001284122467041,9,10,50,55
0.1001427173614502,8,8,45,50
0.10013580322265625,7,7,40,40
0.1001427173614502,6,5,35,35
0.1001427173614502,5,4,30,25
0.10014176368713379,4,4,25,20
0.10014200210571289,3,3,20,20
0.10014176368713379,4,4,15,15
0.1001427173614502,5,5,20,20
0.10013031959533691,6,6,25,25
0.10014176368713379,7,7,30,30
0.10013604164123535,8,8,35,35
0.10014224052429199,9,9,40,40
0.1001427173614502,11,11,45,45
0.1001429557800293,12,12,55,55
0.10015487670898438,11,11,60,60
0.1001434326171875,9,9,55,55
0.1001272201538086,8,8,45,45
0.10015273094177246,7,7,40,40
0.10014152526855469,8,8,35,35
0.10014152526855469,9,9,40,40
0.10014963150024414,11,11,45,45
0.1001439094543457,12,12,55,55
0.10014224052429199,14,14,60,60
0.10013437271118164,16,16,70,70
0.1001274585723877,18,18,80,80
0.1001436710357666,21,21,90,90
0.10014486312866211,24,24,106,106
0.1001431941986084,26,26,120,120
0.1001594066619873,24,24,131,131
0.10014176368713379,21,21,120,120
0.10013556480407715,18,18,105,105
0.1001424789428711,16,16,90,90
0.10014104843139648,15,14,80,80
0.10014700889587402,13,12,75,70
0.10014796257019043,11,11,65,60
0.10005736351013184,9,9,55,55
0.1001424789428711,8,8,45,45
0.1001427173614502,7,7,40,40
0.10014176368713379,6,6,35,35
0.1001424789428711,5,5,30,30
0.1001429557800293,4,4,25,25
0.1001424789428711,3,3,20,20
0.10014152526855469,2,2,15,15
0.1001436710357666,2,2,10,10
0.10006427764892578,1,1,10,10
0.10012221336364746,1,1,5,5
0.1001436710357666,0,0,5,5
0.10012412071228027,0,0,0,0
0.10012698173522949,0,0,0,0
0.1001279354095459,0,0,0,0
0.10014200210571289,0,0,0,0
0.10014176368713379,0,0,0,0
0.10012269020080566,0,0,0,0
0.10012483596801758,0,0,0,0
0.10014486312866211,0,0,0,0
0.10014176368713379,0,0,0,0
0.10015392303466797,0,0,0,0
0.1001272201538086,0,0,0,0
0.1001441478729248,0,0,0,0
0.10014796257019043,0,0,0,0
0.10013699531555176,0,0,0,0
0.10012197494506836,0,0,0,0
0.1001429557800293,0,0,0,0
0.10014986991882324,0,0,0,0
0.10014224052429199,0,0,0,0
0.10011768341064453,0,0,0,0
0.1001431941986084,0,0,0,0
0.10013294219970703,0,0,0,0
0.10013318061828613,0,0,0,0
0.1001434326171875,0,0,0,0
0.10015058517456055,0,0,0,0
0.10014176368713379,0,0,0,0
0.1001431941986084,0,0,0,0
0.10013556480407715,0,0,0,0
0.10014700889587402,0,0,0,0
0.1001439094543457,0,0,0,0
0.1001429557800293,0,0,0,0
0.1001431941986084,0,0,0,0
0.10014200210571289,0,0,0,0
0.1001439094543457,0,0,0,0
0.1001443862915039,-1,1,0,0
0.1001427173614502,-1,1,-5,5
0.1001429557800293,-2,2,-5,5
0.10013747215270996,-2,2,-10,10
0.10014200210571289,-3,3,-10,10
0.1001427173614502,-4,4,-15,15
0.10012149810791016,-6,6,-20,20
0.10015273094177246,-6,6,-30,30
0.1001427173614502,-6,6,-30,30
0.10013055801391602,-6,6,-30,30
0.10014104843139648,-6,6,-30,30
0.1001276969909668,-6,6,-30,30
0.1001288890838623,-6,6,-30,30
0.1001284122467041,-6,6,-30,30
0.10012125968933105,-6,6,-30,30
0.1001424789428711,-6,6,-30,30
0.10012674331665039,-6,6,-30,30
0.10015177726745605,-6,6,-30,30
0.10014128684997559,-4,4,-30,30
0.10014843940734863,-3,3,-20,20
0.10014224052429199,-2,2,-15,15
0.10012221336364746,-2,2,-10,10
0.10013270378112793,-1,1,-10,10
0.1001427173614502,-1,1,-5,5
0.1001424789428711,0,0,-5,5
0.10014224052429199,0,0,0,0
0.10012364387512207,0,0,0,0
0.10014081001281738,0,0,0,0
0.1001274585723877,0,0,0,0
0.10017132759094238,0,0,0,0
0.10012173652648926,0,0,0,0
0.10015034675598145,0,0,0,0
0.1001434326171875,0,0,0,0
0.10014152526855469,0,0,0,0
0.1001424789428711,0,0,0,0
0.10014200210571289,0,0,0,0
0.10012149810791016,-1,1,0,0
0.1001434326171875,-1,1,-5,5
0.1001436710357666,-2,2,-5,5
0.10014200210571289,-2,2,-10,10
0.1001424789428711,-3,3,-10,10
0.10014176368713379,-4,4,-15,15
0.10014128684997559,-6,6,-20,20
0.100128173828125,-4,4,-30,30
0.10012650489807129,-3,3,-20,20
0.1001424789428711,-2,2,-15,15
0.10014057159423828,-2,2,-10,10
0.10012698173522949,-1,1,-10,10
0.10014009475708008,-2,2,-5,5
0.1001424789428711,-2,2,-10,10
0.10012698173522949,-3,3,-10,10
0.1001441478729248,-4,4,-15,15
0.10015249252319336,-3,3,-20,20
0.1001276969909668,-2,2,-15,15
0.10014200210571289,-2,2,-10,10
0.10015010833740234,-1,1,-10,10
0.1001434326171875,-1,1,-5,5
0.1001424789428711,0,0,-5,5
0.10014128684997559,0,0,0,0
0.10014176368713379,0,0,0,0
0.1001436710357666,0,0,0,0
0.10013794898986816,0,0,0,0
0.10015130043029785,0,0,0,0
0.1001286506652832,1,0,0,0
0.10014057159423828,0,0,5,0
0.10012197494506836,0,0,0,0
0.1001284122467041,0,0,0,0
0.1001288890838623,0,0,0,0
0.1001284122467041,0,0,0,0
0.1001284122467041,0,0,0,0
0.1001279354095459,0,0,0,0
0.1001284122467041,0,0,0,0
0.1001279354095459,0,0,0,0
0.1001288890838623,1,1,0,0
0.10012674331665039,1,1,5,5
0.10012674331665039,2,1,5,5
0.100128173828125,3,2,10,5
0.100128173828125,4,2,15,10
0.10013127326965332,5,2,20,10
0.10012698173522949,4,2,25,10
0.100128173828125,3,2,20,10
0.1001434326171875,2,1,15,10
0.1001279354095459,2,1,10,5
0.1001279354095459,1,0,10,5
0.1001274585723877,1,0,5,0
0.10015344619750977,0,0,5,0
0.1001288890838623,0,0,0,0
0.1001279354095459,0,0,0,0
0.10015559196472168,0,0,0,0
0.10013413429260254,1,-1,0,0
0.10012674331665039,1,0,5,-5
0.1001272201538086,1,0,5,0
0.10012936592102051,1,1,5,0
0.10014152526855469,1,1,5,5
0.10014200210571289,2,2,5,5
0.1001427173614502,1,1,10,10
0.10012626647949219,1,0,5,5
0.1001284122467041,1,0,5,0
0.1001291275024414,0,0,5,0
0.10014152526855469,1,0,0,0
0.1001434326171875,1,1,5,0
0.10014176368713379,1,1,5,5
0.1001434326171875,2,2,5,5
0.1001279354095459,2,2,10,10
0.10014152526855469,3,3,10,10
0.10014224052429199,4,4,15,15
0.100128173828125,5,4,20,20
0.10014724731445312,6,5,25,20
0.1001279354095459,7,6,30,25
0.10012936592102051,7,5,35,30
0.10014176368713379,6,3,35,25
0.1001288890838623,5,3,30,15
0.10015606880187988,4,2,25,15
0.10014104843139648,3,2,20,10
0.10011887550354004,2,2,15,10
0.1001286506652832,1,1,10,10
0.10014128684997559,1,1,5,5
0.10014081001281738,0,0,5,5
0.10014224052429199,0,0,0,0
0.1001272201538086,0,0,0,0
0.10013175010681152,1,1,0,0
0.10014200210571289,1,1,5,5
0.10012936592102051,2,2,5,5
0.1001427173614502,2,2,10,10
0.10012698173522949,3,3,10,10
0.10014128684997559,4,4,15,15
0.10011887550354004,5,5,20,20
0.10012269020080566,6,6,25,25
0.10014700889587402,7,7,30,30
0.10009384155273438,8,8,35,35
0.1001424789428711,9,9,40,40
0.10014224052429199,11,11,45,45
0.1001431941986084,12,12,55,55
0.1001274585723877,14,14,60,60
0.10012245178222656,16,16,70,70
0.1001431941986084,19,19,80,80
0.10014152526855469,21,21,95,95
0.10012173652648926,24,24,106,106
0.10012316703796387,27,27,120,120
0.10014152526855469,30,30,135,135
0.10014200210571289,30,30,150,150
0.10014200210571289,26,26,151,151
0.1001276969909668,24,24,130,130
0.10014176368713379,21,21,120,120
0.1001284122467041,18,18,106,106
0.10013175010681152,16,16,90,90
0.10014104843139648,14,14,81,81
0.10014152526855469,12,12,70,70
0.10014176368713379,11,11,60,60
0.1001276969909668,9,9,55,55
0.10015606880187988,11,11,45,45
0.1001274585723877,12,12,55,55
0.10012054443359375,14,14,60,60
0.1001431941986084,16,16,70,70
0.1001429557800293,18,18,80,80
0.10014224052429199,21,21,90,90
0.10009360313415527,24,24,105,105
0.10014200210571289,26,26,120,120
0.10014128684997559,30,30,130,130
0.10015082359313965,30,30,150,150
0.1001431941986084,30,30,151,151
0.10014104843139648,30,30,150,150
0.1001436710357666,30,30,150,150
0.10013341903686523,26,26,150,150
0.10014057159423828,24,24,131,131
0.1001274585723877,21,21,120,120
0.10014104843139648,18,18,105,105
0.10012125968933105,16,16,91,91
0.10014033317565918,14,14,80,80
0.1001429557800293,12,12,70,70
0.10007834434509277,11,11,60,60
0.10014224052429199,9,9,55,55
0.1001288890838623,11,11,45,45
0.10014033317565918,12,12,55,55
0.10014748573303223,14,14,60,60
0.10011768341064453,12,12,70,70
0.10014128684997559,11,11,60,60
0.10013341903686523,9,9,55,55
0.1000661849975586,8,8,45,45
0.1001279354095459,7,7,40,40
0.1001276969909668,6,5,35,35
0.1001286506652832,5,5,30,25
0.10015416145324707,4,4,25,25
0.10014200210571289,3,3,20,20
0.1001424789428711,2,2,15,15
0.100128173828125,2,2,10,10
0.10012936592102051,1,1,10,10
0.1001276969909668,1,1,5,5
0.10012173652648926,1,0,5,5
0.10011935234069824,0,0,5,0
0.1001284122467041,0,0,0,0
0.1001276969909668,0,0,0,0
0.10012960433959961,0,0,0,0
0.100128173828125,0,0,0,0
0.1001429557800293,0,0,0,0
0.10014176368713379,0,0,0,0
0.10014128684997559,0,0,0,0
0.10016345977783203,0,0,0,0
0.10014128684997559,1,1,0,0
0.10013651847839355,1,1,5,5
0.10014176368713379,2,2,5,5
0.10014128684997559,2,2,10,10
0.10011911392211914,3,3,10,10
0.10014200210571289,4,4,15,15
0.10015225410461426,5,5,20,20
0.1000521183013916,6,6,25,25
0.10014224052429199,7,7,30,30
0.10013580322265625,6,6,35,35
0.10012984275817871,5,5,30,30
0.10012006759643555,4,4,25,25
0.1001589298248291,3,3,20,20
0.10014152526855469,4,4,15,15
0.10014200210571289,5,5,20,20
0.10014224052429199,6,6,25,25
0.10014176368713379,7,7,30,30
0.10014939308166504,8,8,35,35
0.10014176368713379,9,9,40,40
0.10014200210571289,11,11,45,45
0.10013556480407715,12,12,55,55
0.10013580322265625,14,14,60,60
0.10014176368713379,16,16,70,70
0.10012173652648926,19,19,80,80
0.1001431941986084,21,21,95,95
0.1001424789428711,24,24,105,105
0.1001429557800293,27,27,120,120
0.10012364387512207,30,30,135,135
0.10015296936035156,26,26,150,150
0.1001279354095459,24,24,131,131
0.10014462471008301,21,21,119,119
0.10014152526855469,18,18,106,106
0.10014224052429199,16,16,90,90
0.10013651847839355,14,14,80,80
0.10015130043029785,12,12,71,71
0.10014200210571289,11,11,60,60
0.10014176368713379,9,9,55,55
0.10012054443359375,8,8,45,45
0.1001427173614502,7,7,40,40
0.10011792182922363,6,6,35,35
0.10012173652648926,5,5,30,30
0.10009241104125977,4,4,25,25
0.1001436710357666,3,3,20,20
0.10015130043029785,2,2,15,15
0.10015201568603516,2,2,10,10
0.1001436710357666,1,1,10,10
0.10014128684997559,1,1,5,5
0.10014104843139648,0,0,5,5
0.1000664234161377,0,0,0,0
0.1001279354095459,0,0,0,0
0.10014152526855469,0,0,0,0
0.10012936592102051,0,0,0,0
0.10007619857788086,-1,-1,0,0
0.1001439094543457,-1,-1,-5,-5
0.10007739067077637,-2,-2,-5,-5
0.1001429557800293,-2,-2,-10,-10
0.1001427173614502,-3,-3,-10,-10
0.10011148452758789,-4,-4,-15,-15
0.10014152526855469,-5,-5,-20,-20
0.1001429557800293,-6,-6,-25,-25
0.1001434326171875,-7,-7,-30,-30
0.10016226768493652,-8,-8,-35,-35
0.10014152526855469,-7,-7,-40,-40
0.10013723373413086,-6,-6,-35,-35
0.1001443862915039,-5,-5,-30,-30
0.1001276969909668,-4,-4,-25,-25
0.1001439094543457,-3,-3,-20,-20
0.10014152526855469,-2,-2,-15,-15
0.1001424789428711,-2,-2,-10,-10
0.1001424789428711,-1,-1,-10,-10
0.10014104843139648,-1,-1,-5,-5
0.100128173828125,-1,-1,-5,-5
0.10012984275817871,-2,-2,-5,-5
0.10014891624450684,-2,-2,-10,-10
0.1001434326171875,-3,-3,-10,-10
0.10014081001281738,-4,-4,-15,-15
0.10011720657348633,-5,-5,-20,-20
0.10011887550354004,-6,-6,-25,-25
0.1001434326171875,-7,-7,-30,-30
0.1001424789428711,-8,-8,-35,-35
0.10013103485107422,-9,-9,-40,-40
0.10014200210571289,-8,-8,-45,-45
0.1001431941986084,-7,-7,-40,-40
0.10012292861938477,-6,-6,-35,-35
0.10013031959533691,-5,-5,-30,-30
0.10014200210571289,-4,-4,-25,-25
0.10013008117675781,-3,-3,-20,-20
0.10014176368713379,-2,-2,-15,-15
0.1001443862915039,-2,-2,-10,-10
0.10016274452209473,-1,-1,-10,-10
0.10012054443359375,-1,-1,-5,-5
0.10011959075927734,0,0,-5,-5
0.10014152526855469,0,0,0,0
0.1001434326171875,0,0,0,0
0.10012006759643555,0,0,0,0
0.1001424789428711,0,0,0,0
0.10013318061828613,0,0,0,0
0.1001439094543457,1,-1,0,0
0.10014224052429199,1,-1,5,-5
0.10014176368713379,2,-2,5,-5
0.1001441478729248,2,-2,10,-10
0.10011863708496094,3,-3,10,-10
0.10014152526855469,4,-4,15,-15
0.10014200210571289,6,-6,20,-20
0.10014224052429199,6,-6,30,-30
0.1001424789428711,6,-6,30,-30
0.1001429557800293,6,-6,30,-30
0.10014224052429199,6,-6,30,-30
0.1001424789428711,6,-6,30,-30
0.10014200210571289,4,-4,30,-30
0.10011816024780273,3,-3,20,-20
0.1001439094543457,2,-2,15,-15
0.10011982917785645,2,-2,10,-10
0.10011863708496094,1,-1,10,-10
0.1001436710357666,1,-1,5,-5
0.1001441478729248,0,0,5,-5
0.1001424789428711,0,0,0,0
0.1001427173614502,0,0,0,0
0.1001429557800293,1,-1,0,0
0.10014200210571289,1,-1,5,-5
0.10014200210571289,2,-2,5,-5
0.10015106201171875,2,-2,10,-10
0.1001424789428711,3,-3,10,-10
0.10013175010681152,4,-4,15,-15
0.10015106201171875,6,-6,20,-20
0.10014224052429199,6,-6,30,-30
0.1001436710357666,6,-6,30,-30
0.10012245178222656,6,-6,30,-30
0.1001286506652832,6,-6,30,-30
0.1001424789428711,6,-6,30,-30
0.10012936592102051,4,-4,30,-30
0.10008096694946289,3,-3,20,-20
0.1001429557800293,2,-2,15,-15
0.10012292861938477,2,-2,10,-10
0.10013294219970703,2,-2,10,-10
0.10014200210571289,2,-2,10,-10
0.1001424789428711,1,-1,10,-10
0.10012245178222656,1,-1,5,-5
0.10014104843139648,0,0,5,-5
0.10015034675598145,0,0,0,0
0.1001434326171875,0,0,0,0
0.1001436710357666,0,0,0,0
0.10014486312866211,0,0,0,0
0.10014057159423828,0,0,0,0
0.1001424789428711,0,0,0,0
0.10014033317565918,0,0,0,0
0.10014677047729492,0,0,0,0
0.1001431941986084,1,1,0,0
0.10013270378112793,1,1,5,5
0.10014796257019043,2,2,5,5
0.1001424789428711,2,2,10,10
0.1001434326171875,3,3,10,10
0.1001427173614502,4,4,15,15
0.1001594066619873,5,5,20,20
0.1001439094543457,6,6,25,25
0.1001427173614502,7,7,30,30
0.10012125968933105,8,8,35,35
0.10014462471008301,9,9,40,40
0.10012245178222656,11,11,45,45
0.1001429557800293,12,12,55,55
0.10012292861938477,14,14,60,60
0.1001431941986084,16,16,70,70
0.1001439094543457,19,19,80,80
0.10014176368713379,21,21,95,95
0.1001276969909668,24,24,105,105
0.1001288890838623,27,27,120,120
0.10013055801391602,30,30,135,135
0.10014104843139648,30,30,152,152
0.1001429557800293,30,30,149,149
0.10013341903686523,30,30,151,151
0.1001434326171875,30,30,150,150
0.10013222694396973,26,26,150,150
0.1001434326171875,24,24,131,131
0.10014200210571289,21,21,120,120
0.10012006759643555,18,18,105,105
0.1001431941986084,16,16,90,90
0.10011887550354004,14,14,80,80
0.1001429557800293,13,12,70,70
0.10013484954833984,11,10,65,60
0.10014224052429199,10,8,55,50
0.1001429557800293,9,7,50,40
0.1001429557800293,7,6,45,35
0.10014939308166504,6,5,35,30
0.10013651847839355,5,5,30,25
0.10015439987182617,4,4,25,25
0.10015630722045898,3,3,20,20
0.1001427173614502,2,2,15,15
0.100128173828125,2,2,10,10
0.1001431941986084,2,1,10,10
0.10015201568603516,1,0,10,5
0.10012269020080566,1,0,5,0
0.10014486312866211,1,0,5,0
0.10014176368713379,0,0,5,0
0.1001436710357666,0,0,0,0
0.10014152526855469,0,0,0,0
0.10011839866638184,0,0,0,0
0.1001431941986084,0,0,0,0
0.10012245178222656,0,0,0,0
0.10014224052429199,1,1,0,0
0.1001436710357666,1,1,5,5
0.10012125968933105,2,2,5,5
0.10009622573852539,2,2,10,10
0.1001424789428711,3,3,10,10
0.10014152526855469,4,3,15,15
0.10015416145324707,5,4,20,15
0.10014104843139648,4,3,25,20
0.1001274585723877,3,3,20,15
0.1001441478729248,2,2,15,15
0.10008978843688965,2,2,10,10
0.1001434326171875,2,2,10,10
0.1001284122467041,3,3,10,10
0.10013747215270996,4,4,15,15
0.1001429557800293,5,5,20,20
0.10011982917785645,6,6,25,25
0.10014104843139648,7,7,30,30
0.1001439094543457,8,8,35,35
0.1001429557800293,9,9,40,40
0.10014033317565918,11,11,45,45
0.10014200210571289,12,12,55,55
0.10011148452758789,14,14,60,60
0.10014176368713379,16,16,70,70
0.1001427173614502,19,18,80,80
0.1001441478729248,17,16,94,89
0.10011935234069824,14,14,86,81
0.1001431941986084,12,12,70,70
0.10014200210571289,11,11,60,60
0.10013842582702637,9,9,55,55
0.10013699531555176,8,8,45,45
0.1001436710357666,7,7,40,40
0.1001424789428711,5,6,35,35
0.10014533996582031,5,5,25,30
0.1001276969909668,4,4,25,25
0.1001288890838623,5,5,20,20
0.1001272201538086,6,6,25,25
0.1001429557800293,5,5,30,30
0.10011839866638184,4,4,25,25
0.1001424789428711,3,3,20,20
0.10014200210571289,2,3,15,15
0.10013365745544434,1,2,10,15
0.10014176368713379,1,2,5,10
0.10014176368713379,0,2,5,10
0.1001279354095459,0,1,0,10
0.1001429557800293,0,0,0,5
0.10013318061828613,0,0,0,0
0.1001429557800293,0,0,0,0
0.10014200210571289,0,0,0,0
0.10014176368713379,0,0,0,0
0.10014176368713379,0,0,0,0
0.1001431941986084,-1,1,0,0
0.1001427173614502,0,0,-5,5
0.1001429557800293,0,0,0,0
0.1001427173614502,0,0,0,0
0.10014200210571289,0,0,0,0
0.1001429557800293,1,1,0,0
0.10014104843139648,1,1,5,5
0.1001436710357666,2,2,5,5
0.1001291275024414,2,2,10,10
0.1001436710357666,3,3,10,10
0.1001288890838623,4,4,15,15
0.1001429557800293,5,5,20,20
0.10014128684997559,6,6,25,25
0.1001274585723877,7,7,30,30
0.10015225410461426,8,8,35,35
0.1001427173614502,9,9,40,40
0.10014200210571289,11,11,45,45
0.10014104843139648,12,12,55,55
0.1001429557800293,14,14,60,60
0.1001274585723877,16,16,70,70
0.1001279354095459,19,19,80,80
0.1001424789428711,16,16,96,96
0.10011816024780273,14,14,80,80
0.1001424789428711,12,12,70,70
0.10013055801391602,11,11,60,60
0.1001427173614502,9,9,55,55
0.10013365745544434,8,8,45,45
0.1001427173614502,7,7,40,40
0.10014152526855469,6,5,35,35
0.10011768341064453,5,4,30,25
0.10035967826843262,4,4,25,20
0.10014176368713379,3,3,20,20
0.10013365745544434,2,2,15,15
0.1001274585723877,2,2,10,10
0.10013389587402344,2,2,10,10
0.1001274585723877,3,3,10,10
0.1001434326171875,4,4,15,15
0.1001424789428711,5,5,20,20
0.10011911392211914,6,6,25,25
0.10014200210571289,7,7,30,30
0.10013556480407715,8,8,35,35
0.1001427173614502,9,9,40,40
0.1001431941986084,11,11,45,45
0.1001424789428711,12,12,55,55
0.1001424789428711,14,14,60,60
0.10013246536254883,16,16,70,70
0.1001424789428711,19,18,80,80
0.10014128684997559,21,21,95,90
0.10011887550354004,24,24,105,105
0.10014152526855469,27,27,120,120
0.10012221336364746,30,30,135,135
0.10014128684997559,30,30,150,150
0.10012245178222656,26,26,150,150
0.10015010833740234,24,24,130,130
0.10013103485107422,21,21,120,120
0.10014939308166504,18,18,106,106
0.10014224052429199,16,16,89,89
0.1001284122467041,14,14,80,80
0.10014772415161133,12,12,70,70
0.1001431941986084,11,11,60,60
0.10014224052429199,9,9,55,55
0.10014081001281738,8,8,45,45
0.10014176368713379,7,7,40,40
0.10014152526855469,6,6,35,35
0.10015034675598145,5,5,30,30
0.10014200210571289,4,4,25,25
0.1001429557800293,3,3,20,20
0.1001443862915039,2,2,15,15
0.100128173828125,2,2,10,10
0.1001434326171875,1,1,10,10
0.100128173828125,1,1,5,5
0.1001276969909668,0,0,5,5
0.1001284122467041,0,0,0,0
0.10012245178222656,0,0,0,0
0.1001443862915039,0,0,0,0
0.100128173828125,0,0,0,0
0.1001434326171875,-1,-1,0,0
0.1001272201538086,-1,-1,-5,-5
0.10014152526855469,-2,-2,-5,-5
0.1001431941986084,-2,-2,-10,-10
0.1001279354095459,-3,-3,-10,-10
0.10011792182922363,-4,-4,-15,-15
0.1001288890838623,-3,-3,-20,-20
0.10012125968933105,-2,-2,-15,-15
0.1001288890838623,-2,-2,-10,-10
0.1001274585723877,-1,-1,-10,-10
0.10013747215270996,-1,-1,-5,-5
0.1001276969909668,0,0,-5,-5
0.1001284122467041,0,0,0,0
0.1001284122467041,0,0,0,0
0.100128173828125,0,0,0,0
0.1001272201538086,0,0,0,0
0.1001291275024414,0,0,0,0
0.100128173828125,-1,-1,0,0
0.10012698173522949,-1,-1,-5,-5
0.10013055801391602,-1,-1,-5,-5
0.1001272201538086,0,0,-5,-5
0.10012555122375488,0,0,0,0
0.10017251968383789,0,0,0,0
0.10014176368713379,0,0,0,0
0.10014152526855469,0,0,0,0
0.10014891624450684,-1,-1,0,0
0.1001429557800293,-1,-1,-5,-5
0.1001291275024414,-2,-2,-5,-5
0.1001288890838623,-2,-2,-10,-10
0.1001279354095459,-3,-3,-10,-10
0.10012650489807129,-2,-2,-15,-15
0.10012650489807129,-2,-2,-10,-10
0.10015416145324707,-1,-1,-10,-10
0.10013198852539062,-1,-1,-5,-5
0.1001434326171875,0,0,-5,-5
0.10014176368713379,0,0,0,0
0.10014224052429199,0,0,0,0
0.1001431941986084,0,0,0,0
0.1001439094543457,0,0,0,0
0.10014224052429199,-1,-1,0,0
0.10011816024780273,-1,-1,-5,-5
0.1001434326171875,-2,-2,-5,-5
0.1001424789428711,-2,-2,-10,-10
0.1001429557800293,-2,-2,-10,-10
0.10014104843139648,-1,-1,-10,-10
0.10014081001281738,-1,-1,-5,-5
0.10012555122375488,0,0,-5,-5
0.1001427173614502,0,0,0,0
0.10012936592102051,0,0,0,0
0.10013747215270996,0,0,0,0
0.1001276969909668,0,0,0,0
0.1001439094543457,0,0,0,0
0.1001274585723877,0,0,0,0
0.10012173652648926,0,0,0,0
0.1001274585723877,0,0,0,0
0.10006451606750488,0,0,0,0
0.10014128684997559,0,0,0,0
0.10012435913085938,0,0,0,0
0.1001279354095459,0,0,0,0
0.10014224052429199,1,-1,0,0
0.10011935234069824,1,-1,5,-5
0.10014200210571289,2,-2,5,-5
0.10015106201171875,2,-2,10,-10
0.1001431941986084,3,-3,10,-10
0.1001439094543457,4,-4,15,-15
0.10013127326965332,6,-6,20,-20
0.10012674331665039,6,-6,30,-30
0.1001286506652832,6,-6,30,-30
0.1001276969909668,6,-6,30,-30
0.1001274585723877,6,-6,30,-30
0.1001427173614502,6,-6,30,-30
0.1001284122467041,6,-6,30,-30
0.10014224052429199,6,-6,30,-30
0.1001439094543457,4,-4,30,-30
0.10012149810791016,3,-3,20,-20
0.10014104843139648,2,-2,15,-15
0.10011911392211914,2,-2,10,-10
0.10014104843139648,1,-1,10,-10
0.1001434326171875,1,-1,5,-5
0.10013556480407715,0,0,5,-5
0.10014224052429199,0,0,0,0
0.1001427173614502,0,0,0,0
0.10006117820739746,0,0,0,0
0.10013294219970703,0,0,0,0
0.10012125968933105,0,0,0,0
0.10015034675598145,0,0,0,0
0.10013794898986816,0,0,0,0
0.1001424789428711,1,-1,0,0
0.1001441478729248,1,-1,5,-5
0.10012221336364746,2,-2,5,-5
0.10012221336364746,2,-2,10,-10
0.10015201568603516,3,-3,10,-10
0.10014200210571289,4,-4,15,-15
0.1001424789428711,3,-3,20,-20
0.1001288890838623,2,-2,15,-15
0.10014224052429199,2,-2,10,-10
0.10014200210571289,1,-1,10,-10
0.1001424789428711,1,-1,5,-5
0.10014200210571289,0,0,5,-5
0.10014176368713379,1,-1,0,0
0.10014224052429199,1,-1,5,-5
0.10012173652648926,2,-2,5,-5
0.10014605522155762,2,-2,10,-10
0.1001429557800293,3,-3,10,-10
0.10014176368713379,4,-4,15,-15
0.10012078285217285,6,-6,20,-20
0.10012578964233398,4,-4,31,-31
0.10005760192871094,3,-3,20,-20
0.10011720657348633,2,-2,15,-15
0.10014200210571289,2,-2,10,-10
0.10007667541503906,1,-1,10,-10
0.10013556480407715,1,-1,5,-5
0.10013985633850098,0,0,5,-5
0.10014176368713379,0,0,0,0
0.10014128684997559,0,0,0,0
0.10012578964233398,0,0,0,0
0.10015487670898438,0,0,0,0
0.10014772415161133,0,0,0,0
0.10012578964233398,0,0,0,0
0.1001427173614502,0,0,0,0
0.10014224052429199,0,0,0,0
0.10010242462158203,0,0,0,0
0.1001427173614502,0,0,0,0
0.10012197494506836,0,0,0,0
0.10012960433959961,0,0,0,0
0.1001288890838623,0,0,0,0
0.1001429557800293,0,0,0,0
0.10013246536254883,0,0,0,0
0.1001429557800293,0,0,0,0
0.10014200210571289,0,0,0,0
0.10014867782592773,0,0,0,0
0.100128173828125,0,0,0,0
0.10012221336364746,1,1,0,0
0.1001279354095459,1,1,5,5
0.10012936592102051,2,2,5,5
0.1001279354095459,2,2,10,10
0.10013008117675781,3,3,10,10
0.100128173828125,4,4,15,15
0.10012936592102051,5,5,20,20
0.1001288890838623,6,6,25,25
0.10012936592102051,7,7,30,30
0.10015702247619629,8,8,35,35
0.10014176368713379,9,9,40,40
0.10013532638549805,11,11,45,45
0.10013318061828613,12,12,55,55
0.10011935234069824,14,14,60,60
0.1001439094543457,16,16,70,70
0.1001286506652832,14,14,80,80
0.100128173828125,12,12,70,70
0.1001439094543457,11,11,60,60
0.10012650489807129,9,9,56,56
0.10014224052429199,8,8,45,45
0.10012650489807129,7,7,40,40
0.1001279354095459,6,6,35,35
0.1001138687133789,5,5,30,30
0.10012149810791016,6,6,25,25
0.10012197494506836,7,7,30,30
0.10011887550354004,8,8,35,35
0.10012197494506836,9,9,40,40
0.1001427173614502,11,11,45,45
0.10014224052429199,12,12,55,55
0.10014224052429199,14,14,60,60
0.1001427173614502,16,16,70,70
0.10014152526855469,14,14,81,81
0.1001424789428711,12,12,70,70
0.10014081001281738,14,14,60,60
0.10014224052429199,16,16,70,70
0.10014200210571289,19,19,80,80
0.1001424789428711,21,21,96,96
0.1001431941986084,19,19,105,105
0.10005807876586914,16,16,95,95
0.10011887550354004,14,14,80,80
0.1001424789428711,12,12,70,70
0.1001427173614502,11,11,60,60
0.10014128684997559,12,12,55,55
0.10012245178222656,14,14,60,60
0.1001431941986084,12,12,70,70
0.10014462471008301,11,11,60,60
0.10013842582702637,9,9,56,56
0.1001427173614502,8,8,45,45
0.10014152526855469,9,9,40,40
0.10014104843139648,8,8,45,45
0.10013985633850098,7,7,40,40
0.1001291275024414,6,6,35,35
0.10014200210571289,7,7,30,30
0.1001427173614502,8,8,35,35
0.1001424789428711,7,7,40,40
0.1001424789428711,6,6,35,35
0.10012578964233398,7,7,30,30
0.1001427173614502,8,8,35,35
0.1001429557800293,9,9,40,40
0.10012292861938477,11,11,45,45
0.10014200210571289,9,9,55,55
0.10012149810791016,8,8,45,45
0.1001439094543457,7,7,40,40
0.10011959075927734,6,6,35,35
0.10014128684997559,5,5,30,30
0.10014224052429199,4,4,25,25
0.1001434326171875,3,3,20,20
0.1001286506652832,4,4,15,15
0.1001284122467041,5,5,20,20
0.1001276969909668,6,6,25,25
0.10012674331665039,7,7,30,30
0.10014152526855469,8,8,35,35
0.10014224052429199,10,9,40,40
0.10009169578552246,11,11,50,45
0.10012149810791016,9,9,56,56
0.10012698173522949,8,8,44,44
0.1001284122467041,7,7,40,40
0.1001286506652832,6,5,35,35
0.1001288890838623,5,4,30,25
0.1001276969909668,4,4,25,20
0.100128173828125,3,3,20,20
0.1001424789428711,2,2,15,15
0.100128173828125,2,2,10,10
0.1001431941986084,2,2,10,10
0.10012984275817871,3,3,10,10
0.100128173828125,4,4,15,15
0.1001429557800293,5,5,20,20
0.10014200210571289,6,6,25,25
0.10011863708496094,7,7,30,30
0.10014224052429199,8,8,35,35
0.1001439094543457,9,9,40,40
0.1001427173614502,11,11,45,45
0.100128173828125,12,12,55,55
0.1001276969909668,14,14,60,60
0.1001284122467041,16,16,70,70
0.1001274585723877,14,14,80,80
0.10014152526855469,12,12,70,70
0.1001272201538086,11,11,61,61
0.1001427173614502,9,9,55,55
0.100128173828125,7,8,45,45
0.10013031959533691,6,7,35,40
0.1001284122467041,6,6,30,35
0.10012674331665039,5,5,30,30
0.1001274585723877,4,4,25,25
0.10014057159423828,3,3,20,20
0.100128173828125,2,3,15,15
0.1001441478729248,1,2,10,15
0.1001901626586914,1,2,5,10
0.1001427173614502,0,2,5,10
0.10011792182922363,0,1,0,10
0.10013270378112793,0,0,0,5
0.10014104843139648,0,0,0,0
0.10012173652648926,0,0,0,0
0.1001424789428711,0,0,0,0
0.1001436710357666,0,0,0,0
0.10011959075927734,1,1,0,0
0.1001429557800293,1,1,5,5
0.10014152526855469,2,2,5,5
0.1001274585723877,2,2,10,10
0.10014224052429199,3,3,10,10
0.10014176368713379,4,4,15,15
0.10014081001281738,5,5,20,20
0.10014152526855469,6,6,25,25
0.10011982917785645,7,7,30,30
0.10013461112976074,8,8,35,35
0.10014891624450684,9,9,40,40
0.1001429557800293,11,11,45,45
0.10012269020080566,12,12,55,55
0.10014200210571289,14,14,60,60
0.1001434326171875,16,16,70,70
0.10014104843139648,19,19,80,80
0.10014224052429199,21,21,95,95
0.10015273094177246,19,19,105,105
0.10014176368713379,16,16,95,95
0.10012149810791016,14,14,80,80
0.1001427173614502,12,12,70,70
0.10011911392211914,11,11,60,60
0.10014224052429199,9,9,55,55
0.1001424789428711,8,8,45,45
0.10012197494506836,7,7,40,40
0.10013985633850098,6,6,35,35
0.1001441478729248,5,5,30,30
0.10012269020080566,4,4,25,25
0.10014200210571289,3,3,20,20
0.1001276969909668,3,2,15,15
0.1001429557800293,2,1,15,10
0.1001443862915039,1,1,10,5
0.10013675689697266,1,1,5,5
0.10014224052429199,0,0,5,5
0.1001291275024414,0,0,0,0
0.1001434326171875,0,0,0,0
0.1001279354095459,1,0,0,0
0.1001436710357666,1,0,5,0
0.1001272201538086,1,0,5,0
0.100128173828125,0,0,5,0
0.100128173828125,0,0,0,0
0.1001434326171875,0,0,0,0
0.10014176368713379,0,0,0,0
0.10014081001281738,0,0,0,0
0.10007977485656738,1,1,0,0
0.10014224052429199,1,1,5,5
0.10010433197021484,2,2,5,5
0.10015058517456055,2,2,10,10
0.10014200210571289,2,2,10,10
0.1001424789428711,1,1,10,10
0.1001429557800293,1,1,5,5
0.10012245178222656,1,0,5,5
0.1001436710357666,0,0,5,0
0.10014677047729492,0,0,0,0
0.10012674331665039,1,0,0,0
0.10014510154724121,1,0,5,0
0.1001434326171875,1,0,5,0
0.10012292861938477,1,1,5,0
0.10012221336364746,2,2,5,5
0.1001429557800293,2,2,10,10
0.1001276969909668,3,3,10,10
0.10014462471008301,4,4,15,15
0.10013246536254883,3,3,20,20
0.1001431941986084,2,2,15,15
0.10014224052429199,2,2,10,10
0.10012149810791016,1,1,10,10
0.10014176368713379,1,1,5,5
0.10014772415161133,1,1,5,5
0.10014152526855469,2,2,5,5
0.1001434326171875,2,2,10,10
0.1001434326171875,3,3,10,10
0.1001443862915039,4,4,15,15
0.10014176368713379,5,5,20,20
0.1001429557800293,6,6,25,25
0.10014200210571289,7,7,30,30
0.1001439094543457,8,8,35,35
0.1001427173614502,9,9,40,40
0.1001427173614502,11,11,45,45
0.10014128684997559,9,9,55,55
0.1001288890838623,8,8,45,45
0.1001291275024414,7,7,40,40
0.1001431941986084,8,8,35,35
0.10014152526855469,9,9,40,40
0.10015130043029785,8,8,45,45
0.1001427173614502,7,7,40,40
0.10013699531555176,6,6,35,35
0.1001443862915039,5,5,30,30
0.10012173652648926,4,4,25,25
0.10014200210571289,3,3,20,20
0.10014128684997559,2,2,15,15
0.1001284122467041,2,2,10,10
0.10014200210571289,1,1,10,10
0.1001424789428711,1,1,5,5
0.1001584529876709,1,1,5,5
0.10014200210571289,2,2,5,5
0.10012269020080566,2,2,10,10
0.1001431941986084,2,2,10,10
0.1001434326171875,1,1,10,10
0.1001431941986084,1,1,5,5
0.10012221336364746,1,1,5,5
0.1001424789428711,2,2,5,5
0.1001427173614502,2,2,10,10
0.10014200210571289,2,2,10,10
0.10011911392211914,1,1,10,10
0.1001431941986084,1,1,5,5
0.10013604164123535,0,0,5,5
0.10012340545654297,0,0,0,0
0.10012269020080566,0,0,0,0
0.10005712509155273,0,0,0,0
0.10011959075927734,0,0,0,0
0.1001427173614502,0,0,0,0
0.1001436710357666,0,0,0,0
0.100128173828125,0,0,0,0
0.1001427173614502,0,0,0,0
0.10011458396911621,0,0,0,0
0.1001436710357666,0,0,0,0
0.1001436710357666,0,0,0,0
0.10012459754943848,0,0,0,0
0.10014152526855469,0,0,0,0
0.10012292861938477,0,0,0,0
0.1001291275024414,0,0,0,0
0.10014224052429199,1,1,0,0
0.1001439094543457,0,0,5,5
0.10012531280517578,0,0,0,0
0.1001291275024414,0,0,0,0
0.10014915466308594,0,0,0,0
0.1001288890838623,0,0,0,0
0.10014128684997559,1,1,0,0
0.1001284122467041,1,1,5,5
0.100128173828125,1,1,5,5
0.10012674331665039,0,0,5,5
0.10013008117675781,0,0,0,0
0.100128173828125,0,0,0,0
0.10014939308166504,0,0,0,0
0.10012674331665039,0,0,0,0
0.10012960433959961,0,0,0,0
0.1001291275024414,0,0,0,0
0.10013031959533691,0,0,0,0
0.1001429557800293,0,0,0,0
0.1001434326171875,0,0,0,0
0.10014152526855469,0,0,0,0
0.1001429557800293,0,0,0,0
0.1001429557800293,0,0,0,0
0.1001429557800293,0,0,0,0
0.100128173828125,0,0,0,0
0.1001439094543457,1,1,0,0
0.1001439094543457,1,1,5,5
0.1001436710357666,1,1,5,5
0.10014200210571289,0,0,5,5
0.1001436710357666,0,0,0,0
0.1001431941986084,0,0,0,0
0.1001138687133789,0,0,0,0
0.1001427173614502,0,0,0,0
0.1001424789428711,0,0,0,0
0.10012125968933105,0,0,0,0
0.10013532638549805,0,0,0,0
0.10014152526855469,0,0,0,0
0.10014939308166504,0,0,0,0
0.10012316703796387,0,0,0,0
0.10014176368713379,0,0,0,0
0.10014200210571289,0,0,0,0
0.1001436710357666,0,0,0,0
0.10014200210571289,1,-1,0,0
0.10014224052429199,1,-1,5,-5
0.10014796257019043,2,-2,5,-5
0.10014176368713379,2,-2,10,-10
0.1001286506652832,3,-3,10,-10
0.10014152526855469,4,-4,15,-15
0.1001274585723877,6,-6,20,-20
0.10014200210571289,6,-6,30,-30
0.10012674331665039,6,-6,30,-30
0.10012936592102051,6,-6,30,-30
0.1001284122467041,4,-4,30,-30
0.10013628005981445,3,-3,20,-20
0.1001434326171875,2,-2,15,-15
0.1001431941986084,2,-2,10,-10
0.10014081001281738,1,-1,10,-10
0.100128173828125,1,-1,5,-5
0.10012626647949219,1,-1,5,-5
0.10013008117675781,2,-2,5,-5
0.1001431941986084,2,-2,10,-10
0.10012650489807129,3,-3,10,-10
0.1001276969909668,4,-4,15,-15
0.1001274585723877,6,-6,20,-20
0.1001276969909668,6,-6,30,-30
0.10014104843139648,6,-6,30,-30
0.10012674331665039,4,-4,30,-30
0.1001431941986084,3,-3,20,-20
0.10012626647949219,2,-2,15,-15
0.1001431941986084,2,-2,10,-10
0.1001436710357666,1,-1,10,-10
0.10014152526855469,2,-2,5,-5
0.10012292861938477,2,-2,10,-10
0.10014104843139648,2,-2,10,-10
0.10012459754943848,2,-2,10,-10
0.10014176368713379,3,-3,10,-10
0.1001431941986084,2,-2,15,-15
0.1001427173614502,2,-2,10,-10
0.1001431941986084,1,-1,10,-10
0.1001291275024414,1,-1,5,-5
0.1001424789428711,0,0,5,-5
0.10015082359313965,0,0,0,0
0.1001288890838623,0,0,0,0
0.1001288890838623,1,-1,0,0
0.1001429557800293,0,0,5,-5
0.1001284122467041,0,0,0,0
0.10014581680297852,0,0,0,0
0.10012674331665039,0,0,0,0
0.10011816024780273,0,0,0,0
0.10012936592102051,0,0,0,0
0.1001434326171875,0,0,0,0
0.1001279354095459,0,0,0,0
0.1001288890838623,0,0,0,0
0.10013747215270996,0,0,0,0
0.10014057159423828,0,0,0,0
0.10014104843139648,0,0,0,0
0.1001434326171875,1,0,0,0
0.10012006759643555,1,0,5,0
0.1001279354095459,1,0,5,0
0.1001288890838623,0,0,5,0
0.10014081001281738,0,0,0,0
0.10012960433959961,0,0,0,0
0.10012698173522949,0,0,0,0
0.1001427173614502,0,0,0,0
0.1001272201538086,0,0,0,0
0.1001434326171875,0,0,0,0
0.1001274585723877,0,0,0,0
0.1001434326171875,0,0,0,0
0.10012698173522949,0,0,0,0
0.10015082359313965,0,0,0,0
0.10012173652648926,0,0,0,0
0.1001279354095459,0,0,0,0
0.10014200210571289,0,0,0,0
0.1001424789428711,0,0,0,0
0.1001431941986084,0,0,0,0
0.1001431941986084,0,0,0,0
0.10012221336364746,0,0,0,0
0.10011839866638184,0,0,0,0
0.10014462471008301,0,0,0,0
0.1001429557800293,0,0,0,0
0.10013723373413086,0,0,0,0
0.1001427173614502,0,0,0,0
0.10013628005981445,0,0,0,0
0.10013628005981445,0,0,0,0
0.10013651847839355,0,0,0,0
0.1001424789428711,0,0,0,0
0.1001434326171875,0,0,0,0
0.10013747215270996,0,0,0,0
0.10013556480407715,0,0,0,0
0.10013914108276367,0,0,0,0
0.10014176368713379,0,0,0,0
0.1001279354095459,0,0,0,0
0.1001429557800293,0,0,0,0
0.1001434326171875,1,-1,0,0
0.10012221336364746,0,0,5,-5
0.10013532638549805,0,0,0,0
0.1001424789428711,0,0,0,0
0.10013628005981445,0,0,0,0
0.1001439094543457,0,0,0,0
0.10012221336364746,0,0,0,0
0.10015034675598145,0,0,0,0
0.10011863708496094,0,0,0,0
0.10014462471008301,1,-1,0,0
0.10014772415161133,1,-1,5,-5
0.10014224052429199,2,-2,5,-5
0.10011911392211914,2,-2,10,-10
0.10013937950134277,2,-2,10,-10
0.1001424789428711,1,-1,10,-10
0.1001431941986084,1,-1,5,-5
0.1001427173614502,0,0,5,-5
0.1001279354095459,0,0,0,0
0.1001274585723877,0,0,0,0
0.10012054443359375,0,0,0,0
0.10014128684997559,0,0,0,0
0.10011863708496094,0,0,0,0
0.1001424789428711,0,0,0,0
0.1001424789428711,1,-1,0,0
0.10014152526855469,1,-1,5,-5
0.1001427173614502,2,-2,5,-5
0.10014176368713379,2,-2,10,-10
0.1001429557800293,3,-3,10,-10
0.10014104843139648,2,-2,15,-15
0.10013294219970703,2,-2,10,-10
0.1001288890838623,1,-1,10,-10
0.1001424789428711,1,-1,5,-5
0.10012245178222656,0,0,5,-5
0.1001431941986084,0,0,0,0
0.10014200210571289,0,0,0,0
0.10012125968933105,0,0,0,0
0.1001431941986084,0,0,0,0
0.10012149810791016,0,0,0,0
0.1001431941986084,0,0,0,0
0.1001276969909668,0,0,0,0
0.1001427173614502,-1,1,0,0
0.1001274585723877,-1,1,-5,5
0.10009932518005371,-2,2,-5,5
0.10014724731445312,-2,2,-10,10
0.10015153884887695,-2,2,-10,10
0.10014224052429199,-1,1,-10,10
0.10014152526855469,-1,1,-5,5
0.10014224052429199,0,0,-5,5
0.10014152526855469,0,0,0,0
0.10011959075927734,0,0,0,0
0.10014128684997559,0,0,0,0
0.1001279354095459,0,0,0,0
0.1001274585723877,0,0,0,0
0.10014152526855469,0,0,0,0
0.1001436710357666,1,1,0,0
0.10013079643249512,1,1,5,5
0.1001272201538086,2,2,5,5
0.10004115104675293,2,2,10,10
0.1001291275024414,3,3,10,10
0.10011839866638184,4,4,15,15
0.1001436710357666,5,5,20,20
0.10012936592102051,6,6,25,25
0.10011982917785645,7,7,30,30
0.100128173828125,6,6,35,35
0.10014224052429199,5,5,30,30
0.1001279354095459,4,4,25,25
0.10012197494506836,3,3,20,20
0.10015344619750977,2,3,15,15
0.1001424789428711,2,2,10,15
0.10012125968933105,1,1,10,10
0.10014939308166504,1,1,5,5
0.1001427173614502,0,0,5,5
0.10014152526855469,0,0,0,0
0.10012173652648926,0,0,0,0
0.10014057159423828,0,0,0,0
0.1001288890838623,0,0,0,0
0.1001274585723877,0,0,0,0
0.1001291275024414,0,0,0,0
0.1001291275024414,0,0,0,0
0.1001431941986084,0,0,0,0
0.10012030601501465,0,0,0,0
0.1001284122467041,0,0,0,0
0.10015034675598145,0,0,0,0
0.1001434326171875,0,0,0,0
0.10012960433959961,0,0,0,0
0.1001288890838623,0,0,0,0
0.10014128684997559,0,0,0,0
0.10012197494506836,1,1,0,0
0.10011982917785645,1,1,5,5
0.1001427173614502,2,2,5,5
0.10011816024780273,2,2,10,10
0.10014224052429199,3,3,10,10
0.1001424789428711,4,4,15,15
0.1001441478729248,5,5,20,20
0.1001424789428711,6,6,25,25
0.1001427173614502,7,7,30,30
0.10013246536254883,8,8,35,35
0.1001577377319336,9,9,40,40
0.10014176368713379,11,11,45,45
0.10013294219970703,12,12,55,55
0.1001424789428711,14,14,60,60
0.1001431941986084,16,16,70,70
0.10013580322265625,19,19,80,80
0.10013580322265625,21,21,95,95
0.1001424789428711,24,24,105,105
0.10013747215270996,21,21,119,119
0.10013127326965332,19,19,105,105
0.100128173828125,16,16,95,95
0.1001429557800293,14,14,80,80
0.1001429557800293,12,12,70,70
0.10012078285217285,11,11,60,60
0.10012030601501465,9,9,55,55
0.1001429557800293,8,8,45,45
0.10014748573303223,7,7,40,40
0.1001276969909668,8,8,35,35
0.1001439094543457,9,9,40,40
0.10012674331665039,11,11,45,45
0.10013055801391602,12,12,55,55
0.10012936592102051,14,14,60,60
0.10007524490356445,16,16,70,70
0.10014462471008301,19,19,81,81
0.1001429557800293,21,21,95,95
0.1001436710357666,24,24,105,105
0.10014200210571289,21,21,120,120
0.10012626647949219,19,19,105,105
0.10012698173522949,16,16,95,95
0.10015344619750977,14,14,80,80
0.10012960433959961,16,16,71,71
0.1001436710357666,19,19,79,79
0.1001424789428711,21,21,96,96
0.1001434326171875,24,24,105,105
0.10014224052429199,27,27,121,121
0.10014200210571289,30,30,135,135
0.10014128684997559,30,30,150,150
0.10012483596801758,30,30,150,150
0.1001427173614502,30,30,150,150
0.1001441478729248,26,26,150,150
0.1001439094543457,24,24,130,130
0.100128173828125,21,21,120,120
0.1001291275024414,18,18,105,105
0.10014104843139648,16,16,90,90
0.10012221336364746,14,14,80,80
0.1001424789428711,12,12,70,70
0.1001443862915039,10,11,60,60
0.10014891624450684,9,10,50,55
0.10014224052429199,7,9,45,50
0.1001436710357666,6,8,35,45
0.10014510154724121,4,7,30,40
0.10013294219970703,3,7,20,35
0.1001429557800293,1,7,15,35
0.10014152526855469,0,7,5,35
0.10015010833740234,-2,7,0,35
0.10014200210571289,-1,6,-10,35
0.10014176368713379,-1,4,-5,30
0.10014200210571289,0,3,-5,20
0.10013246536254883,0,2,0,15
0.1001284122467041,0,1,0,10
0.1001429557800293,0,0,0,5
0.10014224052429199,0,0,0,0
0.10013675689697266,0,0,0,0
0.10013771057128906,0,0,0,0
0.10014224052429199,0,0,0,0
0.10012197494506836,0,0,0,0
0.1001434326171875,1,1,0,0
0.1001434326171875,1,1,5,5
0.1001286506652832,2,2,5,5
0.10011982917785645,2,2,10,10
0.10014152526855469,3,3,10,10
0.10014224052429199,4,4,15,15
0.1001429557800293,3,3,20,20
0.1001434326171875,2,2,15,15
0.10014176368713379,2,2,10,10
0.1001429557800293,1,1,10,10
0.1001427173614502,1,1,5,5
0.1001286506652832,1,1,5,5
0.10014200210571289,2,2,5,5
0.1001427173614502,2,2,10,10
0.10014152526855469,3,3,10,10
0.10014200210571289,4,4,15,15
0.1001429557800293,5,5,20,20
0.10012936592102051,4,4,25,25
0.10014200210571289,3,3,20,20
0.10014081001281738,2,2,15,15
0.10014200210571289,3,3,10,10
0.10014224052429199,4,4,15,15
0.10014200210571289,3,3,20,20
0.1001434326171875,2,2,15,15
0.10011768341064453,2,2,10,10
0.10014200210571289,2,1,10,10
0.10013031959533691,1,1,10,5
0.10014224052429199,1,0,5,5
0.10015153884887695,0,0,5,0
0.10014510154724121,0,0,0,0
0.10012936592102051,0,0,0,0
0.10012245178222656,0,0,0,0
0.10013914108276367,0,0,0,0
0.10011959075927734,0,0,0,0
0.10013341903686523,1,-1,0,0
0.1001429557800293,0,0,5,-5
0.10014152526855469,0,0,0,0
0.1001427173614502,0,0,0,0
0.10014152526855469,1,-1,0,0
0.10013413429260254,0,0,5,-5
0.10014200210571289,0,0,0,0
0.1001427173614502,0,0,0,0
0.1001429557800293,1,-1,0,0
0.10007023811340332,1,-1,5,-5
0.10013365745544434,2,-2,5,-5
0.10016298294067383,1,-1,10,-10
0.10012030601501465,1,-1,5,-5
0.10015535354614258,0,0,5,-5
0.10013651847839355,1,-1,0,0
0.10013794898986816,1,-1,5,-5
0.10014915466308594,2,-2,5,-5
0.10014224052429199,2,-2,10,-10
0.10015177726745605,2,-2,10,-10
0.1001291275024414,1,-1,10,-10
0.1001291275024414,1,-1,5,-5
0.1001276969909668,0,0,5,-5
0.1001286506652832,1,-1,0,0
0.10014057159423828,1,-1,5,-5
0.1001436710357666,1,-1,5,-5
0.10014224052429199,0,0,5,-5
0.1001424789428711,0,0,0,0
0.10014152526855469,0,0,0,0
0.1001286506652832,0,0,0,0
0.1001439094543457,0,0,0,0
0.1001279354095459,0,0,0,0
0.10014176368713379,0,0,0,0
0.1001279354095459,0,0,0,0
0.10013771057128906,-1,1,0,0
0.10012960433959961,0,0,-5,5
0.1001288890838623,0,0,0,0
0.1001429557800293,0,0,0,0
0.10014104843139648,0,0,0,0
0.10014867782592773,0,0,0,0
0.1001439094543457,0,0,0,0
0.1001434326171875,0,0,0,0
0.1001286506652832,0,0,0,0
0.10012340545654297,0,0,0,0
0.1001434326171875,-1,1,0,0
0.10012674331665039,0,0,-5,5
0.1001439094543457,0,0,0,0
0.1001286506652832,0,0,0,0
0.1001284122467041,0,0,0,0
0.1001286506652832,0,0,0,0
0.1001441478729248,0,0,0,0
0.1001286506652832,0,0,0,0
0.1001286506652832,0,0,0,0
0.1001434326171875,0,0,0,0
0.1001276969909668,0,0,0,0
0.1001443862915039,0,0,0,0
0.1001436710357666,0,0,0,0
0.10014200210571289,0,0,0,0
0.10011935234069824,0,0,0,0
0.10014748573303223,0,0,0,0
0.100128173828125,1,1,0,0
0.10012149810791016,1,1,5,5
0.10013341903686523,2,2,5,5
0.1001439094543457,2,2,10,10
0.10012245178222656,3,3,10,10
0.1001427173614502,4,4,15,15
0.1001286506652832,5,5,20,20
0.10014152526855469,6,6,25,25
0.1001436710357666,7,7,30,30
0.10014176368713379,8,8,35,35
0.10014152526855469,9,9,40,40
0.10014224052429199,11,11,45,45
0.1001424789428711,12,12,55,55
0.1001424789428711,14,14,60,60
0.1001276969909668,16,16,70,70
0.10014128684997559,14,14,80,80
0.1001286506652832,12,12,70,70
0.1001429557800293,11,11,60,60
0.1001284122467041,9,9,55,55
0.10014081001281738,8,8,46,46
0.10014224052429199,7,7,40,40
0.10014224052429199,6,6,35,35
0.10014104843139648,7,7,30,30
0.10014772415161133,8,8,35,35
0.1001424789428711,9,9,40,40
0.1001434326171875,11,11,45,45
0.1001424789428711,12,12,55,55
0.1001427173614502,14,14,60,60
0.10014176368713379,12,12,70,70
0.1001439094543457,11,11,60,60
0.10015559196472168,9,9,55,55
0.1001443862915039,8,8,45,45
0.1001434326171875,7,7,40,40
0.1001441478729248,5,6,35,35
0.1001431941986084,4,5,25,30
0.10014533996582031,4,4,20,25
0.10013365745544434,3,3,20,20
0.1001279354095459,2,2,15,15
0.1001436710357666,2,2,10,10
0.1001431941986084,1,1,10,10
0.10014176368713379,2,2,5,5
0.1001434326171875,2,2,10,10
0.10012650489807129,3,3,10,10
0.1001279354095459,2,2,15,15
0.10011887550354004,2,2,10,10
0.10012412071228027,2,2,10,10
0.1001427173614502,3,3,10,10
0.1001424789428711,4,4,15,15
0.1001274585723877,5,5,20,20
0.10013008117675781,4,4,25,25
0.1001284122467041,3,3,20,20
0.1001436710357666,2,3,15,15
0.1001272201538086,1,2,10,15
0.1001424789428711,1,1,5,10
0.10014176368713379,1,1,5,5
0.1001272201538086,0,0,5,5
0.10012316703796387,0,0,0,0
0.100128173828125,0,0,0,0
0.10012650489807129,0,0,0,0
0.10012054443359375,-1,1,0,0
0.1001424789428711,-1,1,-5,5
0.1001279354095459,-2,2,-5,5
0.10012221336364746,-2,2,-10,10
0.10014200210571289,-3,3,-10,10
0.1001427173614502,-4,4,-15,15
0.10012221336364746,-6,6,-20,20
0.1001427173614502,-6,6,-30,30
0.1001431941986084,-6,6,-30,30
0.10014462471008301,-6,6,-30,30
0.1001439094543457,-6,6,-30,30
0.1001436710357666,-6,6,-30,30
0.10012316703796387,-6,6,-30,30
0.10015106201171875,-6,6,-30,30
0.1001431941986084,-6,6,-30,30
0.10014891624450684,-6,6,-30,30
0.10012936592102051,-4,4,-30,30
0.1001439094543457,-3,3,-20,20
0.10014224052429199,-2,2,-15,15
0.1001424789428711,-2,2,-10,10
0.10014104843139648,-1,1,-10,10
0.10014224052429199,-2,2,-5,5
0.10014986991882324,-2,2,-10,10
0.1001441478729248,-3,3,-10,10
0.1001429557800293,-4,4,-15,15
0.100128173828125,-6,6,-20,20
0.1001279354095459,-6,6,-30,30
0.10012006759643555,-6,6,-30,30
0.10014510154724121,-6,6,-30,30
0.10014224052429199,-4,4,-30,30
0.10013198852539062,-3,3,-20,20
0.1001434326171875,-2,2,-15,15
0.1001434326171875,-2,2,-10,10
0.1001431941986084,-1,1,-10,10
0.1001429557800293,-1,1,-5,5
0.1001427173614502,0,0,-5,5
0.1001427173614502,0,0,0,0
0.10011434555053711,0,0,0,0
0.1001424789428711,0,0,0,0
0.10014152526855469,0,0,0,0
0.1001436710357666,0,0,0,0
0.10014224052429199,0,0,0,0
0.1001279354095459,1,-1,0,0
0.10014224052429199,0,0,5,-5
0.1001279354095459,0,0,0,0
0.100128173828125,0,0,0,0
0.10014128684997559,0,0,0,0
0.10015082359313965,0,0,0,0
0.1001424789428711,0,0,0,0
0.10012197494506836,0,0,0,0
0.1001133918762207,0,0,0,0
0.1001436710357666,0,0,0,0
0.1001434326171875,1,-1,0,0
0.1001288890838623,0,0,5,-5
0.10015678405761719,0,0,0,0
0.1001431941986084,0,0,0,0
0.1001436710357666,0,0,0,0
0.10014200210571289,0,0,0,0
0.10011911392211914,0,0,0,0
0.1001443862915039,0,0,0,0
0.10014510154724121,1,-1,0,0
0.10012102127075195,0,0,5,-5
0.1001427173614502,0,0,0,0
0.1001427173614502,0,0,0,0
0.1001424789428711,0,0,0,0
0.1001424789428711,0,0,0,0
0.1001436710357666,0,0,0,0
0.10011792182922363,0,0,0,0
0.1001427173614502,0,0,0,0
0.10013675689697266,0,0,0,0
0.10013604164123535,0,0,0,0
0.1001424789428711,0,0,0,0
0.1001436710357666,0,0,0,0
0.10014081001281738,0,0,0,0
0.10014200210571289,0,0,0,0
0.10012936592102051,0,0,0,0
0.10014724731445312,0,0,0,0
0.10012960433959961,0,0,0,0
0.10012936592102051,0,0,0,0
0.10012698173522949,0,0,0,0
0.10015201568603516,0,0,0,0
0.10012316703796387,0,0,0,0
0.1001443862915039,0,0,0,0
0.1001284122467041,0,0,0,0
0.10015654563903809,0,0,0,0
0.10012674331665039,0,0,0,0
0.10014104843139648,0,0,0,0
0.100128173828125,0,0,0,0
0.1001429557800293,0,0,0,0
0.10013532638549805,0,0,0,0
0.10011649131774902,0,0,0,0
0.10012221336364746,0,0,0,0
0.10012245178222656,0,0,0,0
0.1001429557800293,0,0,0,0
0.10014224052429199,0,0,0,0
0.10017776489257812,0,0,0,0
0.1001429557800293,0,0,0,0
0.10014200210571289,0,0,0,0
0.1001284122467041,0,0,0,0
0.1001431941986084,0,0,0,0
0.1001436710357666,0,0,0,0
0.1001272201538086,0,0,0,0
0.10015988349914551,0,0,0,0
0.1001436710357666,1,1,0,0
0.1001424789428711,1,1,5,5
0.1001431941986084,2,2,5,5
0.10012984275817871,2,2,10,10
0.1001284122467041,3,3,10,10
0.1001291275024414,4,4,15,15
0.10013294219970703,5,5,20,20
0.10012149810791016,6,6,25,25
0.10014224052429199,7,7,30,30
0.10014200210571289,8,8,35,35
0.1001291275024414,9,9,40,40
0.1001288890838623,11,11,45,45
0.10012245178222656,12,12,55,55
0.1001286506652832,14,14,61,61
0.10012173652648926,16,16,70,70
0.1001436710357666,15,14,81,81
0.10013628005981445,13,12,75,70
0.10014128684997559,11,11,65,60
0.10012984275817871,9,9,55,55
0.1001439094543457,8,8,45,45
0.10013628005981445,7,7,40,40
0.10011863708496094,6,6,35,35
0.1001424789428711,7,7,30,30
0.10011959075927734,8,8,35,35
0.10012125968933105,9,9,40,40
0.1001436710357666,11,11,45,45
0.10014152526855469,12,12,55,55
0.10012245178222656,14,14,60,60
0.1001424789428711,16,16,70,70
0.10013246536254883,19,19,80,80
0.1001436710357666,21,21,95,95
0.10014104843139648,24,24,105,105
0.1001429557800293,27,27,120,120
0.1001431941986084,30,30,134,134
0.10011982917785645,30,30,151,151
0.1001441478729248,30,30,149,149
0.10014128684997559,30,30,151,151
0.10014510154724121,30,30,150,150
0.1001286506652832,30,30,150,150
0.10014152526855469,26,26,150,150
0.10012602806091309,24,24,131,131
0.1001429557800293,21,21,119,119
0.1001427173614502,18,18,106,106
0.1001434326171875,16,16,90,90
0.1001272201538086,14,14,80,80
0.10013675689697266,12,12,70,70
0.10014605522155762,11,11,60,60
0.10014176368713379,9,9,55,55
0.1001429557800293,8,8,45,45
0.10014152526855469,9,9,40,40
0.10013747215270996,11,11,45,45
0.10012245178222656,12,12,55,55
0.10014224052429199,14,14,60,60
0.1001434326171875,16,16,70,70
0.10012030601501465,18,18,80,80
0.1001439094543457,21,21,90,90
0.10014104843139648,24,24,106,106
0.10012197494506836,26,26,120,120
0.10012364387512207,30,30,130,130
0.10014224052429199,30,30,150,150
0.10014176368713379,30,30,150,150
0.1001427173614502,26,26,150,150
0.10014200210571289,24,24,130,130
0.10014176368713379,21,21,120,120
0.10014081001281738,18,19,105,105
0.10014748573303223,16,17,90,95
0.1001424789428711,13,15,80,85
0.1001427173614502,11,13,65,75
0.1001431941986084,9,12,55,65
0.1001434326171875,7,11,45,60
0.10012221336364746,6,9,35,55
0.10012245178222656,6,8,30,45
0.1001429557800293,5,6,30,40
0.1001424789428711,4,5,25,30
0.100128173828125,3,4,20,25
0.1001286506652832,2,4,15,20
0.1001288890838623,1,4,10,20
0.10014200210571289,0,4,5,20
0.10013604164123535,0,3,0,20
0.10014176368713379,0,2,0,15
0.10012960433959961,0,1,0,10
0.1001429557800293,0,0,0,5
0.10014081001281738,0,0,0,0
0.10014152526855469,0,0,0,0
0.10013651847839355,0,0,0,0
0.10008549690246582,0,0,0,0
0.1001434326171875,0,0,0,0
0.10011959075927734,0,0,0,0
0.1001424789428711,0,0,0,0
0.1001279354095459,0,0,0,0
0.10014128684997559,1,-1,0,0
0.10014176368713379,1,-1,5,-5
0.1001288890838623,2,-2,5,-5
0.1001286506652832,2,-2,10,-10
0.1001286506652832,3,-3,10,-10
0.1001429557800293,4,-4,15,-15
0.1001427173614502,3,-3,20,-20
0.10014176368713379,2,-2,15,-15
0.10012054443359375,2,-1,10,-10
0.1001284122467041,2,0,10,-5
0.10013294219970703,2,0,10,0
0.10014152526855469,2,1,10,0
0.10015130043029785,2,1,10,5
0.1000673770904541,3,2,10,5
0.1001431941986084,3,3,15,10
0.10008883476257324,4,4,15,15
0.1001434326171875,3,3,20,20
0.10013580322265625,2,2,15,15
0.10011744499206543,2,2,10,10
0.10013580322265625,1,1,10,10
0.10014200210571289,1,0,5,5
0.10015463829040527,1,0,5,0
0.1001443862915039,2,0,5,0
0.10014224052429199,3,0,10,0
0.1001427173614502,2,0,15,0
0.10012674331665039,1,0,10,0
0.10014176368713379,1,0,5,0
0.10011887550354004,2,0,5,0
0.10013127326965332,2,0,10,0
0.10014224052429199,1,0,10,0
0.10013675689697266,0,0,5,0
0.1001427173614502,0,0,0,0
0.10013294219970703,0,0,0,0
0.10013818740844727,0,0,0,0
0.10013723373413086,0,0,0,0
0.1001279354095459,0,0,0,0
0.10013699531555176,-1,1,0,0
0.1001436710357666,-1,1,-5,5
0.10014057159423828,-2,2,-5,5
0.1001431941986084,-1,1,-10,10
0.1001291275024414,-1,1,-5,5
0.10014224052429199,0,0,-5,5
0.10014629364013672,0,0,0,0
0.1001427173614502,0,0,0,0
0.1001284122467041,0,0,0,0
0.10012674331665039,0,0,0,0
0.10012221336364746,0,0,0,0
0.1001291275024414,0,0,0,0
0.1001286506652832,0,0,0,0
0.100128173828125,0,0,0,0
0.10012698173522949,0,0,0,0
0.10015273094177246,0,0,0,0
0.100128173828125,0,0,0,0
0.10012412071228027,-1,1,0,0
0.10012006759643555,0,0,-5,5
0.1001439094543457,0,0,0,0
0.10013723373413086,0,0,0,0
0.10014843940734863,0,0,0,0
0.10014176368713379,0,0,0,0
0.10015749931335449,0,0,0,0
0.1001431941986084,0,0,0,0
0.10012245178222656,0,0,0,0
0.1001434326171875,0,0,0,0
0.1001429557800293,0,0,0,0
0.1001594066619873,0,0,0,0
0.1001429557800293,0,0,0,0
0.10014152526855469,0,0,0,0
0.10012936592102051,0,0,0,0
0.10014200210571289,0,0,0,0
0.10011816024780273,0,0,0,0
0.10014176368713379,1,1,0,0
0.1001424789428711,1,1,5,5
0.1001439094543457,2,2,5,5
0.10014224052429199,2,2,10,10
0.1001429557800293,3,3,10,10
0.10014176368713379,4,4,15,15
0.1001439094543457,5,5,20,20
0.10014224052429199,6,6,25,25
0.10012316703796387,7,7,30,30
0.10012221336364746,8,8,35,35
0.10018086433410645,9,9,40,40
0.10013604164123535,11,11,45,45
0.1001427173614502,12,12,55,55
0.10014176368713379,14,14,60,60
0.1001441478729248,16,16,70,70
0.10014224052429199,19,19,80,80
0.10015368461608887,21,21,95,95
0.1001424789428711,19,19,105,105
0.1001288890838623,16,16,95,95
0.1001284122467041,14,14,80,80
0.1001276969909668,12,13,70,70
0.1001274585723877,10,11,60,65
0.10011935234069824,9,10,50,55
0.1001424789428711,7,9,45,50
0.1001434326171875,5,8,35,45
0.1001274585723877,4,8,25,40
0.1001424789428711,2,8,20,40
0.10012292861938477,0,8,10,40
0.10014176368713379,-1,8,0,40
0.1001434326171875,0,6,-5,40
0.10015082359313965,0,5,0,30
0.1000680923461914,0,3,0,25
0.100128173828125,0,2,0,15
0.1001429557800293,0,2,0,10
0.1001434326171875,1,2,0,10
0.10012698173522949,2,3,5,10
0.10011649131774902,2,2,10,15
0.10013747215270996,1,1,10,10
0.10013341903686523,1,1,5,5
0.1001288890838623,0,0,5,5
0.10015392303466797,0,0,0,0
0.1001286506652832,0,0,0,0
0.1001429557800293,0,0,0,0
0.10012698173522949,0,0,0,0
0.10014176368713379,0,0,0,0
0.10012936592102051,0,0,0,0
0.10012936592102051,0,0,0,0
0.1001284122467041,0,0,0,0
0.10013008117675781,0,0,0,0
0.1001274585723877,0,0,0,0
0.10012936592102051,0,0,0,0
0.10012698173522949,0,0,0,0
0.1001284122467041,0,0,0,0
0.10013890266418457,0,0,0,0
0.10013389587402344,0,0,0,0
0.1001427173614502,0,0,0,0
0.10011768341064453,0,0,0,0
0.10014224052429199,0,0,0,0
0.10011839866638184,0,0,0,0
