0.10013771057128906,0,0,0,0
0.1001138687133789,0,0,0,0
0.10013818740844727,0,0,0,0
0.10013365745544434,0,0,0,0
0.1001276969909668,0,0,0,0
0.1001272201538086,0,0,0,0
0.10013818740844727,0,0,0,0
0.10012555122375488,0,0,0,0
0.10013651847839355,0,0,0,0
0.1001286506652832,0,0,0,0
0.10013699531555176,0,0,0,0
0.10013723373413086,0,0,0,0
0.10012626647949219,0,0,0,0
0.10013914108276367,0,0,0,0
0.10070252418518066,0,0,0,0
0.10013890266418457,0,0,0,0
0.10012936592102051,0,0,0,0
0.1001288890838623,0,0,0,0
0.10013890266418457,1,1,0,0
0.1001288890838623,1,1,5,5
0.10013747215270996,2,2,5,5
0.10013246536254883,2,2,10,10
0.10013937950134277,3,3,10,10
0.10013628005981445,4,4,15,15
0.10013198852539062,4,4,20,20
0.10012984275817871,5,5,20,20
0.10013532638549805,6,6,25,25
0.10042166709899902,7,7,30,30
0.10015153884887695,8,8,36,36
0.10013747215270996,9,9,39,39
0.10013771057128906,11,11,45,45
0.10013699531555176,12,12,55,55
0.10013747215270996,14,14,60,60
0.10012459754943848,16,16,71,71
0.10013580322265625,18,18,79,79
0.10013747215270996,20,20,90,90
0.10012364387512207,22,22,100,100
0.10013079643249512,25,25,110,110
0.10013318061828613,28,28,126,126
0.1002340316772461,31,31,139,139
0.10013699531555176,34,34,157,157
0.1001272201538086,37,37,170,170
0.10013628005981445,41,41,184,184
0.10013699531555176,43,43,206,206
0.10013699531555176,43,43,215,215
0.10009884834289551,43,43,215,215
0.10013651847839355,43,43,215,215
0.10013628005981445,43,43,215,215
0.10012555122375488,43,43,216,216
0.10014581680297852,40,40,214,214
0.10013771057128906,36,36,200,200
0.10013103485107422,33,33,181,181
0.10012412071228027,30,30,165,165
0.10013771057128906,27,27,151,151
0.1001286506652832,24,24,134,134
0.10013484954833984,27,27,120,120
0.10012960433959961,30,30,134,134
0.10013937950134277,33,33,150,150
0.10013747215270996,36,36,166,166
0.1001288890838623,40,40,180,180
0.10013747215270996,43,43,200,200
0.10013079643249512,43,43,215,215
0.10012936592102051,43,43,215,215
0.10013294219970703,43,43,216,216
0.1001424789428711,43,43,214,214
0.10013246536254883,43,43,216,216
0.10013055801391602,43,43,223,223
0.10013461112976074,43,43,207,207
0.10013985633850098,43,43,215,215
0.10013794898986816,43,43,215,215
0.10013866424560547,43,43,215,215
0.10013723373413086,43,43,216,216
0.10013818740844727,43,43,215,215
0.10012936592102051,40,40,217,217
0.10013389587402344,36,36,200,200
0.10013461112976074,32,33,180,180
0.10013794898986816,29,30,160,165
0.10012984275817871,26,28,146,151
0.10013318061828613,23,25,130,140
0.10013699531555176,21,22,115,125
0.10013842582702637,19,20,105,110
0.10014009475708008,16,18,95,100
0.10013842582702637,14,16,80,90
0.10007262229919434,12,15,70,80
0.10012555122375488,11,13,60,75
0.10014057159423828,9,11,55,65
0.10013365745544434,8,10,45,55
0.10012960433959961,7,8,40,50
0.10013675689697266,9,9,35,40
0.10013818740844727,10,10,45,45
0.10013604164123535,12,12,50,50
0.1001441478729248,13,14,61,61
0.10012507438659668,15,16,65,70
0.10022377967834473,17,18,75,80
0.10017752647399902,19,20,85,90
0.10013222694396973,21,22,96,101
0.10012936592102051,24,24,105,110
0.10013580322265625,26,27,120,120
0.10013699531555176,29,30,130,135
0.10012960433959961,32,33,145,151
0.10013461112976074,35,37,160,165
0.10013484954833984,38,41,175,185
0.10013604164123535,42,45,190,205
0.10013794898986816,42,45,210,225
0.10004997253417969,42,44,210,225
0.10013484954833984,43,44,210,220
0.10013794898986816,43,44,215,220
0.10013461112976074,39,40,217,222
0.1001274585723877,36,36,194,199
0.10013461112976074,33,33,180,180
0.10013604164123535,30,30,165,165
0.10013914108276367,27,27,150,150
0.10013675689697266,24,24,136,136
0.10013628005981445,21,21,120,120
0.10014557838439941,19,19,105,105
0.10013580322265625,17,17,95,95
0.10013914108276367,15,15,85,85
0.10012626647949219,13,13,75,75
0.10013866424560547,12,12,65,65
0.10013318061828613,10,10,60,60
0.10013723373413086,9,9,50,50
0.10013628005981445,8,8,45,45
0.10020923614501953,7,7,40,40
0.10013723373413086,6,6,35,35
0.10012984275817871,5,5,30,30
0.10013818740844727,4,4,25,25
0.10013246536254883,3,3,20,20
0.10057640075683594,3,3,15,15
0.10013651847839355,2,2,15,15
0.10013723373413086,1,2,10,10
0.10013604164123535,0,1,5,10
0.10013723373413086,0,1,0,5
0.10013365745544434,0,1,0,5
0.10013771057128906,-1,1,0,5
0.1001439094543457,-1,1,-5,5
0.10013580322265625,-1,1,-5,5
0.10012626647949219,-2,2,-5,5
0.10013508796691895,-2,2,-10,10
0.10013961791992188,-3,3,-10,10
0.10013651847839355,-4,4,-15,15
0.10013723373413086,-5,5,-20,20
0.1001286506652832,-6,6,-25,25
0.10013937950134277,-7,7,-30,30
0.10013580322265625,-8,8,-35,35
0.10013556480407715,-10,10,-40,40
0.10013747215270996,-10,10,-50,50
0.10013604164123535,-10,10,-50,50
0.10013413429260254,-10,10,-50,50
0.10013628005981445,-10,10,-50,50
0.10019350051879883,-10,10,-50,50
0.10013985633850098,-10,10,-51,51
0.1001288890838623,-10,10,-50,50
0.10013699531555176,-10,10,-51,51
0.10013890266418457,-10,10,-49,49
0.10013818740844727,-10,10,-50,50
0.10012555122375488,-10,10,-50,50
0.10013079643249512,-10,10,-50,50
0.10012984275817871,-10,10,-50,50
0.10012364387512207,-10,10,-50,50
0.1001291275024414,-10,10,-50,50
0.10013008117675781,-10,10,-50,50
0.10013818740844727,-10,10,-50,50
0.10013628005981445,-10,10,-50,50
0.10013675689697266,-8,8,-50,50
0.10013580322265625,-7,7,-40,40
0.10012936592102051,-6,6,-35,35
0.10013818740844727,-5,5,-30,30
0.10013771057128906,-4,4,-25,25
0.10013532638549805,-3,3,-20,20
0.10013079643249512,-2,2,-15,15
0.10012507438659668,-2,2,-10,10
0.10013413429260254,-1,2,-10,10
0.10013365745544434,0,2,-5,10
0.10013055801391602,0,2,0,10
0.10009646415710449,1,2,0,10
0.10013484954833984,2,3,5,10
0.10013532638549805,2,3,10,15
0.1001291275024414,3,4,10,15
0.10007691383361816,4,4,15,20
0.10012936592102051,5,5,20,20
0.10013771057128906,6,6,25,25
0.10013842582702637,7,7,30,30
0.1001291275024414,8,8,35,35
0.10013937950134277,10,9,40,40
0.10013031959533691,11,10,50,45
0.10007405281066895,10,9,55,50
0.10012674331665039,9,7,50,45
0.10014653205871582,9,6,45,35
0.10013628005981445,8,4,45,30
0.10013771057128906,8,3,40,20
0.10012531280517578,7,1,40,15
0.1001276969909668,6,1,35,5
0.10013628005981445,5,1,30,5
0.10013151168823242,4,1,25,5
0.10013604164123535,3,0,20,5
0.10012626647949219,2,0,15,0
0.10013031959533691,1,0,10,0
0.10005831718444824,0,0,5,0
0.10013675689697266,0,0,0,0
0.10013794898986816,0,0,0,0
0.10013747215270996,0,0,0,0
0.10013389587402344,0,0,0,0
0.10013580322265625,0,0,0,0
0.1001284122467041,1,0,0,0
0.10013723373413086,1,1,5,0
0.10013723373413086,2,2,5,5
0.10012602806091309,2,2,10,10
0.10013222694396973,3,3,10,10
0.10013508796691895,4,3,15,15
0.10013365745544434,4,4,20,15
0.10014700889587402,5,5,20,20
0.10013771057128906,6,6,25,25
0.10013461112976074,7,7,30,30
0.10013723373413086,8,8,35,35
0.1001288890838623,10,9,40,40
0.10013628005981445,11,11,50,45
0.1001286506652832,12,12,55,55
0.10013794898986816,14,14,60,60
0.10013890266418457,16,16,70,70
0.1001284122467041,18,18,80,80
0.10013771057128906,20,20,90,90
0.10012626647949219,22,22,100,100
0.10013794898986816,25,25,110,110
0.10013484954833984,28,28,125,125
0.10013604164123535,31,31,140,140
0.10013747215270996,34,34,155,155
0.10013413429260254,37,37,170,170
0.1001272201538086,41,41,185,185
0.10013055801391602,43,43,207,207
0.10012316703796387,43,43,217,217
0.10013699531555176,43,43,213,213
0.10004496574401855,44,43,215,215
0.10013699531555176,43,43,220,215
0.10014843940734863,43,43,215,215
0.10013628005981445,43,43,216,216
0.10013365745544434,43,43,214,214
0.10013008117675781,43,43,215,215
0.10013675689697266,43,43,216,216
0.10013723373413086,43,43,217,217
0.1001284122467041,43,43,214,214
0.10013675689697266,43,44,216,216
0.10013484954833984,43,44,217,222
0.10012483596801758,43,44,213,218
0.10013747215270996,42,44,217,222
0.10012960433959961,43,44,210,220
0.10013055801391602,43,44,214,219
0.10013341903686523,43,44,215,220
0.10013580322265625,43,43,216,221
0.10015153884887695,43,44,216,216
0.10013842582702637,43,44,213,218
0.10012936592102051,43,44,217,222
0.10012936592102051,39,40,227,232
0.10013842582702637,35,37,183,188
0.10013365745544434,31,34,176,186
0.10013556480407715,28,31,155,170
0.10013651847839355,24,29,140,156
0.10013365745544434,21,27,120,146
0.10013890266418457,18,25,105,135
0.10013341903686523,15,24,90,125
0.10029435157775879,12,22,75,121
0.10013413429260254,9,21,60,110
0.10013628005981445,6,21,45,105
0.10013222694396973,3,20,30,105
0.10013294219970703,3,18,15,100
0.10013747215270996,3,15,15,91
0.10013818740844727,3,13,15,75
0.10012650489807129,2,11,15,65
0.10013651847839355,2,9,10,55
0.10013651847839355,4,10,10,45
0.10013818740844727,5,10,20,50
0.1001286506652832,7,11,25,50
0.1001288890838623,9,12,35,55
0.10013151168823242,11,13,45,60
0.10017275810241699,13,14,55,65
0.10013365745544434,15,16,65,70
0.10013723373413086,13,14,75,80
0.10016036033630371,12,12,65,70
0.10013437271118164,10,10,60,60
0.1001272201538086,9,9,51,51
0.10013628005981445,8,7,44,44
0.10013413429260254,7,6,40,35
0.1001436710357666,7,5,35,30
0.10013747215270996,6,4,35,25
0.1001286506652832,5,2,30,20
0.10013079643249512,5,1,25,10
0.10013508796691895,5,0,25,5
0.10013556480407715,5,0,25,0
0.10013866424560547,5,-1,25,0
0.10013890266418457,5,-3,25,-5
0.10013175010681152,6,-4,25,-15
0.10013723373413086,6,-5,30,-20
0.10013365745544434,7,-7,30,-25
0.10012650489807129,8,-8,35,-35
0.10013580322265625,7,-7,40,-40
0.10013556480407715,6,-6,35,-35
0.10013628005981445,5,-5,30,-30
0.10013651847839355,4,-4,25,-25
0.10012984275817871,5,-5,20,-20
0.10013556480407715,6,-6,26,-26
0.10013556480407715,7,-7,29,-29
0.10013723373413086,6,-6,35,-35
0.10013151168823242,5,-5,30,-30
0.1001288890838623,4,-4,26,-26
0.10013437271118164,3,-3,19,-19
0.10012626647949219,2,-2,15,-15
0.1001441478729248,2,-2,10,-10
0.10011434555053711,1,-1,10,-10
0.10012340545654297,1,-1,5,-5
0.10012388229370117,1,-1,5,-5
0.10012269020080566,0,0,5,-5
0.10014843940734863,0,0,0,0
0.10013484954833984,0,0,0,0
0.10013651847839355,0,0,0,0
0.10014081001281738,0,0,0,0
0.10013675689697266,0,0,0,0
0.10013341903686523,0,0,0,0
0.10012340545654297,0,0,0,0
0.10013389587402344,0,0,0,0
0.10013794898986816,-1,1,0,0
0.10012936592102051,-1,1,-5,5
0.10013866424560547,-1,1,-5,5
0.10013580322265625,-2,2,-5,5
0.10013699531555176,-1,1,-10,10
0.10013151168823242,-1,1,-5,5
0.10009026527404785,-1,1,-5,5
0.10013961791992188,0,0,-5,5
0.10013794898986816,0,0,0,0
0.10013008117675781,0,0,0,0
0.10012674331665039,0,0,0,0
0.10012936592102051,0,0,0,0
0.10013890266418457,0,0,0,0
0.10013794898986816,0,0,0,0
0.10013103485107422,0,0,0,0
0.10013818740844727,0,0,0,0
0.10013556480407715,0,0,0,0
0.10013151168823242,0,0,0,0
0.1001429557800293,0,0,0,0
0.10013270378112793,0,0,0,0
0.10013055801391602,-1,1,0,0
0.10013794898986816,-1,1,-5,5
0.10013461112976074,-1,1,-5,5
0.10012602806091309,-2,2,-5,5
0.10013651847839355,-2,2,-10,10
0.10013127326965332,-3,3,-10,10
0.10013675689697266,-2,2,-15,15
0.10012960433959961,-2,2,-10,10
0.10009598731994629,-1,1,-10,10
0.10013151168823242,-1,1,-5,5
0.10012960433959961,-1,1,-5,5
0.1001288890838623,-1,1,-5,5
0.10013628005981445,-1,1,-5,5
0.10013461112976074,-2,2,-5,5
0.10013866424560547,-2,2,-10,10
0.10013604164123535,-2,2,-10,10
0.1001274585723877,-1,1,-10,10
0.10012531280517578,-1,1,-5,5
0.10012698173522949,-1,1,-5,5
0.10014009475708008,-2,2,-5,5
0.10013031959533691,-2,2,-10,10
0.10013866424560547,-3,3,-10,10
0.10013675689697266,-4,4,-15,15
0.10013723373413086,-5,5,-20,20
0.10013818740844727,-6,6,-25,25
0.10013532638549805,-7,7,-30,30
0.10013628005981445,-6,6,-35,35
0.10013890266418457,-5,5,-30,30
0.10013628005981445,-4,4,-25,25
0.10012960433959961,-3,3,-20,20
0.1001279354095459,-2,2,-15,15
0.10013651847839355,-2,2,-10,10
0.10012531280517578,-1,1,-10,10
0.10013246536254883,-1,1,-5,5
0.10013437271118164,-1,1,-5,5
0.10014772415161133,0,0,-5,5
0.10012960433959961,0,0,0,0
0.10013508796691895,0,0,0,0
0.10014009475708008,0,0,0,0
0.10013484954833984,0,0,0,0
0.10013484954833984,0,0,0,0
0.10013651847839355,0,0,0,0
0.10013771057128906,0,0,0,0
0.10012316703796387,0,0,0,0
0.10007286071777344,0,0,0,0
0.10013055801391602,0,0,0,0
0.10014224052429199,0,0,0,0
0.10013699531555176,0,0,0,0
0.10012698173522949,0,0,0,0
0.10013556480407715,0,0,0,0
0.10013985633850098,1,-1,0,0
0.10014986991882324,1,-1,5,-5
0.10013771057128906,1,-1,5,-5
0.10014081001281738,1,-1,5,-5
0.1001288890838623,1,-1,5,-5
0.10018682479858398,0,0,5,-5
0.10013222694396973,0,0,0,0
0.10013556480407715,0,0,0,0
0.10013151168823242,1,-1,0,0
0.10014057159423828,1,-1,5,-5
0.1001286506652832,1,-1,5,-5
0.10013699531555176,0,0,5,-5
0.10013675689697266,0,0,0,0
0.10013055801391602,0,0,0,0
0.10012173652648926,0,0,0,0
0.10013580322265625,0,0,0,0
0.10013842582702637,0,0,0,0
0.10012936592102051,0,0,0,0
0.10013794898986816,0,0,0,0
0.10012364387512207,0,0,0,0
0.10013937950134277,1,0,0,0
0.10013389587402344,2,0,5,0
0.10012531280517578,3,0,10,0
0.10014677047729492,3,0,15,0
0.10013103485107422,5,0,15,0
0.10013675689697266,6,0,25,0
0.10013675689697266,7,0,30,0
0.10013890266418457,6,0,35,0
0.10012674331665039,5,0,30,0
0.10013508796691895,3,0,25,0
0.1001284122467041,3,0,15,0
0.10013723373413086,2,0,15,0
0.10013604164123535,1,0,10,0
0.1001288890838623,2,0,5,0
0.1001274585723877,3,0,10,0
0.10013628005981445,3,0,15,0
0.10013675689697266,5,0,15,0
0.1001272201538086,6,0,25,0
0.10013556480407715,7,0,30,0
0.10013008117675781,7,1,35,0
0.10004639625549316,8,3,35,5
0.10012364387512207,6,2,40,15
0.10013771057128906,5,2,30,10
0.10013628005981445,4,2,25,10
0.10013866424560547,3,1,20,10
0.10013628005981445,3,2,15,5
0.10013699531555176,4,3,15,10
0.10013294219970703,4,4,20,15
0.10016584396362305,5,5,20,20
0.10013675689697266,6,6,25,25
0.10013532638549805,7,7,30,30
0.10013747215270996,8,8,35,35
0.10013508796691895,9,9,40,40
0.10013699531555176,11,11,45,45
0.10013604164123535,12,12,55,55
0.10013794898986816,14,14,60,60
0.1001291275024414,16,16,70,70
0.10013628005981445,18,18,80,80
0.10013294219970703,20,20,90,90
0.10013628005981445,22,23,100,100
0.10015726089477539,25,25,110,115
0.10007762908935547,27,28,125,125
0.10012984275817871,31,31,136,141
0.10013389587402344,34,34,159,159
0.10014057159423828,37,37,165,165
0.10013556480407715,41,41,186,186
0.10013437271118164,37,38,205,205
0.10012316703796387,33,34,185,190
0.10013699531555176,30,32,164,169
0.10013628005981445,33,34,151,161
0.10013771057128906,30,31,165,170
0.10013723373413086,27,28,151,156
0.10012674331665039,25,25,135,140
0.10012602806091309,22,22,125,125
0.10009169578552246,20,20,110,110
0.10013365745544434,18,18,100,100
0.10013508796691895,16,16,90,90
0.10004949569702148,14,14,80,80
0.10013508796691895,12,12,70,70
0.10013747215270996,11,11,60,60
0.10013842582702637,9,9,55,55
0.10012626647949219,8,8,45,45
0.10013723373413086,7,7,40,40
0.10013747215270996,6,6,35,35
0.10013222694396973,6,5,30,30
0.1001291275024414,5,3,30,25
0.10013842582702637,5,2,25,15
0.10013604164123535,4,1,25,10
0.10012626647949219,4,0,20,5
0.10013127326965332,4,0,20,0
0.10013628005981445,4,-1,20,0
0.10012364387512207,4,-2,20,-5
0.10013771057128906,4,-3,20,-10
0.10013699531555176,5,-5,20,-15
0.1001288890838623,6,-6,25,-25
0.10013270378112793,7,-7,31,-31
0.10008430480957031,8,-8,34,-34
0.10013365745544434,10,-10,40,-40
0.10012650489807129,10,-10,51,-51
0.10013914108276367,10,-10,49,-49
0.10013580322265625,10,-10,50,-50
0.10013747215270996,10,-10,50,-50
0.10013771057128906,10,-10,50,-50
0.10013699531555176,10,-10,50,-50
0.10013628005981445,10,-10,50,-50
0.10013127326965332,10,-10,50,-50
0.10014963150024414,10,-10,50,-50
0.1001279354095459,10,-10,50,-50
0.10013866424560547,10,-10,50,-50
0.1001284122467041,10,-10,50,-50
0.10013747215270996,8,-8,50,-50
0.10013675689697266,7,-7,40,-40
0.1001291275024414,6,-6,35,-35
0.10013389587402344,5,-5,31,-31
0.1001274585723877,4,-4,24,-24
0.10013794898986816,3,-3,20,-20
0.10013699531555176,2,-2,15,-15
0.10013866424560547,2,-2,10,-10
0.1001441478729248,1,-1,10,-10
0.10013961791992188,1,-1,5,-5
0.10012650489807129,1,-1,5,-5
0.10012364387512207,2,-2,5,-5
0.10013532638549805,1,-1,10,-10
0.10012292861938477,1,-1,5,-5
0.10013771057128906,1,-1,5,-5
0.100128173828125,0,0,5,-5
0.10016918182373047,0,0,0,0
0.10013437271118164,0,0,0,0
0.10013580322265625,1,0,0,0
0.10014462471008301,1,0,5,0
0.10013699531555176,2,0,5,0
0.10013747215270996,2,1,10,0
0.10013747215270996,2,2,10,5
0.10013651847839355,3,2,10,10
0.1001272201538086,4,3,15,10
0.10013532638549805,5,3,20,15
0.10013198852539062,6,4,25,15
0.10013651847839355,8,5,30,20
0.10012340545654297,9,5,40,25
0.1001288890838623,11,6,45,25
0.10012674331665039,12,7,55,30
0.10013890266418457,13,8,60,35
0.10013484954833984,14,10,66,41
0.10013890266418457,16,13,69,49
0.10013818740844727,17,15,80,65
0.10016608238220215,19,17,85,75
0.10013866424560547,21,19,95,85
0.10013103485107422,24,21,105,95
0.10013008117675781,27,23,120,105
0.10013580322265625,29,26,135,115
0.10013484954833984,32,29,149,134
0.10013222694396973,35,33,156,141
0.10008859634399414,38,37,176,166
0.10012435913085938,41,41,191,186
0.10013175010681152,44,43,204,204
0.10013413429260254,44,43,223,218
0.10005974769592285,44,43,219,214
0.10013341903686523,44,42,220,215
0.10013651847839355,45,42,220,210
0.10013532638549805,45,42,224,209
0.10013508796691895,45,41,225,210
0.10013222694396973,46,41,226,206
0.10013151168823242,46,40,231,206
0.10013198852539062,47,40,233,203
0.10013365745544434,42,37,232,197
0.10013532638549805,38,34,210,185
0.10012459754943848,35,31,191,171
0.10013008117675781,31,28,174,155
0.10013747215270996,28,25,155,140
0.10013699531555176,25,23,141,126
0.10013771057128906,22,21,125,115
0.10012483596801758,20,19,110,105
0.10013794898986816,17,17,100,95
0.10013508796691895,19,19,85,85
0.10013389587402344,21,21,95,95
0.10013389587402344,24,24,105,105
0.10013437271118164,27,27,120,120
0.10012650489807129,30,30,135,135
0.10013961791992188,33,32,151,151
0.10010075569152832,36,36,165,160
0.10013508796691895,40,40,180,180
0.10014009475708008,43,43,199,199
0.10013651847839355,43,43,217,217
0.10013103485107422,43,43,215,215
0.10014820098876953,43,43,215,215
0.10013079643249512,43,43,216,216
0.10013747215270996,43,43,215,215
0.10013127326965332,43,43,215,215
0.10013389587402344,43,43,219,219
0.10013771057128906,43,43,212,212
0.10013866424560547,40,40,215,215
0.10013127326965332,36,36,200,200
0.10013771057128906,32,33,180,180
0.10013699531555176,29,30,160,165
0.10013484954833984,26,28,145,150
0.10013628005981445,23,25,130,140
0.10013008117675781,20,23,115,125
0.10014104843139648,17,21,100,116
0.10013318061828613,15,20,86,107
0.10014581680297852,12,18,74,99
0.10013842582702637,10,17,60,90
0.1001291275024414,7,16,50,85
0.1001279354095459,5,16,36,82
0.10013818740844727,3,15,25,79
0.1001276969909668,0,15,15,75
0.10013246536254883,-1,15,0,75
0.10013794898986816,-3,16,-5,75
0.10014033317565918,-4,15,-15,80
0.10013484954833984,-4,13,-20,76
0.10013604164123535,-3,11,-20,64
0.10012936592102051,-1,10,-15,55
0.10012960433959961,0,10,-5,50
0.10013532638549805,1,10,0,50
0.10013055801391602,1,12,5,50
0.10012412071228027,2,14,5,62
0.10013794898986816,2,16,10,68
0.10012650489807129,4,17,10,80
0.1002047061920166,7,17,20,85
0.10013532638549805,9,18,35,85
0.10014104843139648,12,19,45,90
0.10013508796691895,14,20,60,95
0.10013651847839355,17,22,70,100
0.10013771057128906,20,23,85,110
0.10013532638549805,22,25,100,115
0.10012483596801758,20,23,110,125
0.10013699531555176,18,20,100,115
0.10013389587402344,17,18,90,100
0.1001288890838623,15,16,85,90
0.10012173652648926,13,14,77,82
0.10013866424560547,12,12,64,69
0.10013747215270996,11,10,60,60
0.10013222694396973,9,9,55,50
0.10013532638549805,8,7,45,45
0.10012412071228027,8,6,40,35
0.10013794898986816,7,5,40,30
0.10013818740844727,6,3,35,25
0.10012555122375488,6,2,30,15
0.10014557838439941,6,1,30,10
0.10010409355163574,6,0,30,5
0.10013413429260254,6,-1,30,0
0.10013747215270996,6,-2,30,-5
0.10013103485107422,6,-3,30,-10
0.1001276969909668,7,-5,30,-15
0.10013794898986816,7,-7,35,-25
0.10013580322265625,8,-8,35,-35
0.10013699531555176,10,-10,40,-40
0.10013484954833984,10,-10,50,-50
0.10013580322265625,10,-10,50,-50
0.10013246536254883,10,-10,51,-51
0.10015058517456055,10,-10,49,-49
0.10012626647949219,8,-8,50,-50
0.10012388229370117,7,-7,40,-40
0.10012173652648926,6,-6,37,-37
0.10013365745544434,5,-5,29,-29
0.10013461112976074,4,-4,25,-25
0.10013771057128906,3,-3,20,-20
0.10013198852539062,2,-2,15,-15
0.10013747215270996,2,-2,10,-10
0.10013461112976074,2,-1,10,-10
0.10012674331665039,2,0,10,-5
0.10014700889587402,2,0,10,0
0.10013413429260254,2,1,10,0
0.10013675689697266,3,2,10,5
0.10012650489807129,3,2,15,10
0.1001434326171875,4,3,15,10
0.1001276969909668,4,4,19,15
0.10013103485107422,5,5,21,21
0.10013580322265625,6,6,24,24
0.10012364387512207,7,7,30,30
0.10013604164123535,8,8,35,35
0.10013675689697266,9,9,40,40
0.1001276969909668,11,11,45,45
0.10012602806091309,12,12,55,55
0.10007762908935547,14,14,60,60
0.10012412071228027,16,16,70,70
0.10013866424560547,18,18,80,80
0.10012960433959961,20,20,90,90
0.10013532638549805,22,22,100,100
0.10013365745544434,25,25,111,111
0.10012531280517578,28,28,124,124
0.10013723373413086,31,31,141,141
0.10012435913085938,34,34,155,155
0.10013461112976074,37,37,170,170
0.10013604164123535,34,34,186,186
0.10013604164123535,31,31,169,169
0.1001272201538086,28,28,156,156
0.10013699531555176,25,25,140,140
0.10014629364013672,22,22,125,125
0.10013747215270996,20,20,111,111
0.10013389587402344,18,18,99,99
0.10013008117675781,16,16,92,92
0.10013747215270996,14,14,79,79
0.10013484954833984,13,12,70,70
0.10012435913085938,11,11,65,60
0.10013723373413086,9,9,55,55
0.10013532638549805,8,8,45,45
0.10013747215270996,7,7,40,40
0.10013580322265625,6,6,35,35
0.10012555122375488,5,5,30,30
0.1001284122467041,4,4,25,25
0.100128173828125,4,4,20,20
0.10013389587402344,3,3,20,20
0.10013580322265625,3,2,15,15
0.10013723373413086,2,1,15,10
0.10013461112976074,2,0,10,5
0.10014891624450684,2,0,10,0
0.10013771057128906,2,-1,10,0
0.10012412071228027,1,-1,10,-5
0.1001291275024414,2,-2,5,-5
0.10012698173522949,2,-2,10,-10
0.10013222694396973,3,-3,10,-10
0.10013055801391602,4,-4,15,-15
0.100128173828125,5,-5,20,-20
0.1001279354095459,6,-6,25,-25
0.1001288890838623,7,-7,30,-30
0.10013365745544434,8,-8,35,-35
0.10013651847839355,10,-10,40,-40
0.10013484954833984,10,-10,50,-50
0.10014081001281738,10,-10,50,-50
0.1001272201538086,10,-10,50,-50
0.10013771057128906,10,-10,50,-50
0.10013723373413086,10,-10,50,-50
0.1001279354095459,10,-10,50,-50
0.10015583038330078,10,-10,50,-50
0.10013294219970703,10,-10,50,-50
0.10014081001281738,10,-10,50,-50
0.1001284122467041,10,-10,50,-50
0.1001279354095459,10,-10,51,-51
0.100128173828125,10,-10,50,-50
0.1001286506652832,10,-10,50,-50
0.10013365745544434,10,-10,51,-51
0.10013866424560547,10,-10,50,-50
0.10014629364013672,10,-10,50,-50
0.10013771057128906,10,-10,50,-50
0.10012173652648926,10,-10,50,-50
0.10006833076477051,8,-8,50,-50
0.10013771057128906,7,-7,40,-40
0.10013675689697266,6,-6,35,-35
0.10013532638549805,5,-5,30,-30
0.10013532638549805,4,-4,25,-25
0.10013604164123535,3,-3,20,-20
0.10013175010681152,2,-2,15,-15
0.10014605522155762,3,-3,10,-10
0.10012602806091309,2,-2,15,-15
0.10013747215270996,2,-2,10,-10
0.10013651847839355,1,-1,10,-10
0.10013437271118164,1,-1,5,-5
0.10012626647949219,2,0,5,-5
0.10013437271118164,2,0,10,0
0.10013532638549805,2,1,10,0
0.10013723373413086,3,2,10,5
0.10013389587402344,3,3,15,10
0.10012531280517578,4,4,15,15
0.10013365745544434,4,4,20,20
0.10013747215270996,5,6,20,20
0.10011529922485352,5,7,25,30
0.10012984275817871,6,8,25,35
0.10013890266418457,8,9,30,40
0.10013651847839355,9,10,40,45
0.10013580322265625,11,11,45,50
0.10012578964233398,12,12,55,55
0.10013580322265625,14,14,60,60
0.1001284122467041,15,16,70,70
0.10014033317565918,17,18,76,82
0.10013890266418457,19,21,83,88
0.10013103485107422,21,24,96,106
0.10013246536254883,24,26,105,120
0.10012531280517578,27,28,120,130
0.10013294219970703,30,31,139,144
0.10013437271118164,34,34,147,152
0.10013747215270996,37,38,170,170
0.10013484954833984,40,42,190,195
0.10013842582702637,42,44,195,205
0.10013771057128906,42,45,210,220
0.10013103485107422,42,45,210,225
0.10013794898986816,41,45,211,227
0.10013699531555176,41,46,204,223
0.100128173828125,40,46,206,231
0.10013675689697266,41,46,201,231
0.10012960433959961,40,46,206,231
0.10013747215270996,36,43,200,230
0.1001291275024414,32,40,180,215
0.10013937950134277,27,38,161,201
0.10013937950134277,23,36,135,190
0.1001288890838623,19,34,115,180
0.10013008117675781,15,33,96,172
0.10013842582702637,14,29,75,165
0.10013151168823242,13,25,70,145
0.10012698173522949,12,22,65,125
0.10013675689697266,11,20,60,110
0.10013699531555176,13,21,55,100
0.10013628005981445,16,22,65,105
0.10012316703796387,19,24,80,110
0.10013890266418457,22,26,96,121
0.1001288890838623,25,28,110,130
0.1001272201538086,28,31,125,140
0.10012507438659668,32,33,140,155
0.10013580322265625,35,37,160,165
0.10013628005981445,39,40,175,185
0.10013628005981445,43,44,195,200
0.10011601448059082,43,43,217,222
0.1001594066619873,40,39,215,215
0.10013794898986816,36,36,199,194
0.10013628005981445,33,32,184,184
0.10013723373413086,30,29,163,158
0.10014033317565918,28,25,151,146
0.10012292861938477,25,22,139,124
0.10014581680297852,23,20,127,111
0.10013699531555176,22,17,115,100
0.10013246536254883,20,14,109,85
0.10012674331665039,19,12,101,70
0.10012316703796387,18,9,95,60
0.10013079643249512,17,7,90,45
0.1001288890838623,17,4,85,35
0.10012984275817871,16,2,85,20
0.10012602806091309,16,0,80,10
0.10012435913085938,17,-2,80,0
0.100128173828125,16,-3,85,-10
0.10013461112976074,15,-4,80,-15
0.10013389587402344,14,-5,75,-20
0.10013747215270996,15,-4,70,-25
0.100128173828125,16,-3,76,-20
0.10013508796691895,13,-3,79,-15
0.10012674331665039,11,-2,65,-15
0.10013175010681152,9,-2,55,-10
0.10013771057128906,8,-2,45,-10
0.10013747215270996,6,-1,40,-10
0.10013723373413086,5,-1,30,-5
0.10009336471557617,5,0,25,-5
0.1001291275024414,5,0,25,0
0.1001439094543457,5,1,25,0
0.10013914108276367,5,2,25,5
0.1001288890838623,6,4,25,10
0.10013580322265625,7,5,30,20
0.10014700889587402,7,6,35,25
0.10013580322265625,8,7,35,30
0.10016584396362305,9,9,40,35
0.10014748573303223,10,10,45,45
0.10013532638549805,12,12,50,50
0.10012674331665039,10,11,60,60
0.10013580322265625,8,10,50,55
0.10013747215270996,7,9,40,50
0.10012650489807129,6,8,35,45
0.10014724731445312,4,7,31,41
0.10012555122375488,3,7,20,34
0.10013437271118164,2,6,15,35
0.10013866424560547,0,6,10,30
0.10013031959533691,0,6,0,30
0.10013628005981445,-1,6,0,30
0.10013628005981445,-3,7,-5,30
0.10013580322265625,-3,8,-15,35
0.10013365745544434,-4,10,-15,40
0.10013747215270996,-4,12,-20,50
0.10012221336364746,-5,14,-20,60
0.1000974178314209,-4,15,-25,70
0.10013675689697266,-3,16,-20,75
0.1001429557800293,-3,13,-15,80
0.10013580322265625,-2,11,-15,65
0.10013580322265625,-2,9,-10,55
0.10013151168823242,-2,8,-10,45
0.10013675689697266,0,8,-10,40
0.10013794898986816,0,8,0,40
0.10016250610351562,2,8,0,40
0.10013818740844727,3,8,10,40
0.10013437271118164,5,9,15,40
0.10013747215270996,6,9,25,45
0.10012936592102051,8,10,30,45
0.10013747215270996,9,11,40,50
0.1001439094543457,11,12,45,55
0.10012698173522949,13,14,55,60
0.10014033317565918,15,15,65,71
0.1001288890838623,17,17,75,75
0.10012602806091309,19,19,85,85
0.1001276969909668,21,21,96,96
0.10012531280517578,24,24,104,104
0.10013747215270996,27,27,120,120
0.10012555122375488,30,30,135,135
0.10014605522155762,33,33,150,150
0.10013794898986816,36,36,165,165
0.10013413429260254,40,40,180,180
0.10013508796691895,43,43,201,201
0.10013437271118164,43,43,221,221
0.10013222694396973,43,43,209,209
0.10013389587402344,40,40,218,218
0.10013079643249512,36,36,197,197
0.10013675689697266,33,32,183,183
0.1001286506652832,30,29,168,163
0.10013675689697266,27,26,146,141
0.10013747215270996,25,23,135,130
0.10012507438659668,23,20,125,115
0.10014033317565918,21,18,115,100
0.10013723373413086,19,15,105,90
0.10013771057128906,18,13,96,76
0.1001274585723877,16,10,91,66
0.10013127326965332,15,8,79,49
0.10012555122375488,15,6,75,40
0.10013461112976074,14,4,75,30
0.10005903244018555,14,2,70,20
0.10007810592651367,14,0,70,10
0.10013651847839355,16,0,71,0
0.10013246536254883,19,0,80,0
0.10012674331665039,20,0,94,0
0.10013175010681152,22,2,101,0
0.10013675689697266,24,3,110,10
0.10012960433959961,25,5,120,15
0.10013794898986816,27,7,125,25
0.10013675689697266,29,9,136,35
0.10013651847839355,27,7,145,45
0.10013842582702637,24,7,135,35
0.10012602806091309,21,6,121,35
0.10013794898986816,18,6,104,30
0.10013651847839355,16,5,90,30
0.10013604164123535,15,3,80,25
0.1001279354095459,15,0,75,15
0.10013842582702637,15,-1,75,0
0.10013890266418457,16,-3,75,-5
0.10013651847839355,15,-4,80,-15
0.10012984275817871,16,-3,75,-20
0.10014653205871582,17,-2,80,-15
0.10013532638549805,18,-1,85,-10
0.10013985633850098,19,0,90,-5
0.100128173828125,20,0,95,0
0.10013055801391602,22,2,100,0
0.1001279354095459,24,3,112,10
0.10013365745544434,20,3,118,15
0.10013961791992188,18,3,100,15
0.1001276969909668,15,3,90,15
0.10013484954833984,13,3,75,15
0.10013341903686523,13,0,65,15
0.10013771057128906,11,0,65,0
0.10012507438659668,9,0,55,0
0.10013794898986816,8,0,45,0
0.10013103485107422,6,0,40,0
0.10013675689697266,5,0,30,0
0.10013699531555176,4,0,25,0
0.10013604164123535,3,0,20,0
0.10013818740844727,2,0,15,0
0.10012269020080566,1,0,10,0
0.10012650489807129,1,0,5,0
0.1001279354095459,2,1,5,0
0.10013747215270996,2,2,10,5
0.10013771057128906,3,3,10,10
0.10013437271118164,3,3,15,15
0.10013794898986816,4,4,15,15
0.10005927085876465,3,3,20,20
0.10012650489807129,3,3,15,15
0.10013842582702637,2,2,15,15
0.10013628005981445,1,2,10,10
0.10013484954833984,0,1,5,10
0.10012435913085938,0,1,0,5
0.10013580322265625,0,2,0,5
0.10013842582702637,0,3,0,10
0.10013389587402344,0,4,0,15
0.10013651847839355,0,5,0,20
0.100128173828125,0,4,0,25
0.10013675689697266,0,3,0,20
0.10013651847839355,0,2,0,15
0.10013389587402344,0,1,0,10
0.10014653205871582,0,0,0,5
0.1001284122467041,0,1,0,0
0.10013747215270996,0,2,0,5
0.10013818740844727,0,3,0,10
0.1001291275024414,0,4,0,15
0.10013651847839355,0,5,0,20
0.10013365745544434,0,6,0,25
0.10013771057128906,0,8,0,30
0.10013651847839355,0,9,0,40
0.10013675689697266,0,11,0,45
0.1001274585723877,0,13,0,55
0.10013604164123535,0,15,0,65
0.10013914108276367,0,18,0,75
0.10013508796691895,0,20,0,90
0.10013675689697266,0,18,0,100
0.10013890266418457,0,15,0,90
0.10013794898986816,0,13,0,75
0.10013771057128906,0,11,0,65
0.10013008117675781,0,9,0,55
0.10012698173522949,0,8,0,45
0.10012555122375488,0,6,0,40
0.10012364387512207,0,5,0,30
0.10013413429260254,1,5,0,25
0.10013508796691895,2,5,5,25
0.10013771057128906,4,6,10,25
0.10013461112976074,5,7,20,30
0.10013580322265625,4,5,25,35
0.10014677047729492,4,4,20,25
0.10013389587402344,3,3,20,20
0.10013270378112793,3,3,15,15
0.1001429557800293,2,2,15,15
0.10013771057128906,3,2,10,10
0.10013628005981445,4,3,15,10
0.10012626647949219,5,3,20,15
0.10013222694396973,6,4,25,15
0.10013699531555176,7,4,30,20
0.10012960433959961,9,5,35,20
0.10013723373413086,10,5,45,25
0.100128173828125,12,6,50,25
0.10013008117675781,14,7,60,30
0.10012054443359375,12,6,70,35
0.10013675689697266,10,5,60,30
0.10012555122375488,9,5,50,25
0.10012984275817871,7,4,45,25
0.10013747215270996,6,4,35,20
0.10012054443359375,7,4,30,20
0.10012292861938477,9,5,35,20
0.10012650489807129,7,4,45,25
0.10012698173522949,7,3,35,20
0.10012388229370117,6,2,35,15
0.10013651847839355,6,0,30,10
0.10013175010681152,6,0,30,0
0.10013651847839355,6,-1,30,0
0.10013532638549805,7,-3,30,-5
0.10013556480407715,7,-4,35,-15
0.10013484954833984,8,-6,35,-20
0.10013580322265625,9,-8,40,-30
0.10013651847839355,10,-10,45,-40
0.10013461112976074,10,-10,50,-50
0.10013651847839355,8,-8,50,-50
0.10013723373413086,7,-7,40,-40
0.10013246536254883,6,-6,35,-35
0.10012125968933105,5,-5,30,-30
0.1001288890838623,4,-4,25,-25
0.10013771057128906,3,-3,20,-20
0.1001288890838623,2,-2,15,-15
0.10012984275817871,2,-2,10,-10
0.10013675689697266,1,-1,10,-10
0.10009455680847168,1,-1,5,-5
0.10013842582702637,1,-1,5,-5
0.10013031959533691,0,0,5,-5
0.10009908676147461,0,0,0,0
0.10013723373413086,0,0,0,0
0.10013484954833984,0,0,0,0
0.10014891624450684,0,0,0,0
0.10013389587402344,0,0,0,0
0.10010266304016113,0,0,0,0
0.10013079643249512,0,0,0,0
0.10012578964233398,0,0,0,0
0.10013699531555176,0,0,0,0
0.10014867782592773,0,0,0,0
0.10013461112976074,0,0,0,0
0.10013771057128906,0,0,0,0
0.1001441478729248,0,0,0,0
0.1001276969909668,0,0,0,0
0.10013484954833984,-1,1,0,0
0.10013628005981445,0,0,-5,5
0.10021042823791504,0,0,0,0
0.10013771057128906,0,0,0,0
0.10013604164123535,0,0,0,0
0.10006499290466309,0,0,0,0
0.10013818740844727,-1,1,0,0
0.10012412071228027,-1,1,-5,5
0.10037851333618164,-1,1,-5,5
0.10013651847839355,-2,2,-5,5
0.10013341903686523,-2,2,-10,10
0.10015702247619629,-2,2,-10,10
0.10013747215270996,-1,1,-10,10
0.10013437271118164,-1,1,-5,5
0.10013651847839355,-1,1,-5,5
0.10012936592102051,0,0,-5,5
0.10013818740844727,0,0,0,0
0.10013628005981445,0,0,0,0
0.10012626647949219,0,0,0,0
0.10006189346313477,0,0,0,0
0.10013842582702637,0,0,0,0
0.10013914108276367,0,0,0,0
0.10013198852539062,0,0,0,0
0.10013604164123535,0,0,0,0
0.10012507438659668,0,0,0,0
0.10013675689697266,0,0,0,0
0.1001274585723877,0,0,0,0
0.10013771057128906,0,0,0,0
0.10013985633850098,0,0,0,0
0.10013461112976074,0,0,0,0
0.10013365745544434,0,0,0,0
0.10013628005981445,0,0,0,0
0.10013532638549805,0,0,0,0
0.10013699531555176,0,0,0,0
0.10012698173522949,-1,1,0,0
0.10013055801391602,-1,1,-5,5
0.10013794898986816,-1,1,-5,5
0.1001284122467041,-2,2,-5,5
0.10012316703796387,-2,2,-10,10
0.10013008117675781,-2,2,-10,10
0.10013675689697266,-1,1,-10,10
0.10013532638549805,-1,1,-5,5
0.10009384155273438,-1,1,-5,5
0.10013723373413086,0,0,-5,5
0.10011005401611328,0,0,0,0
0.10013794898986816,0,0,0,0
0.10012984275817871,0,0,0,0
0.10012698173522949,0,0,0,0
0.10013556480407715,-1,1,0,0
0.10013532638549805,-1,1,-5,5
0.10013675689697266,-1,1,-5,5
0.10013890266418457,-1,1,-5,5
0.10012316703796387,-1,1,-5,5
0.10013890266418457,0,0,-5,5
0.10013318061828613,0,0,0,0
0.10013628005981445,0,0,0,0
0.10013556480407715,0,0,0,0
0.10015058517456055,0,0,0,0
0.10013842582702637,-1,1,0,0
0.10013270378112793,-1,1,-5,5
0.10013580322265625,-1,1,-5,5
0.10013580322265625,-1,1,-5,5
0.10013294219970703,-1,1,-5,5
0.10013747215270996,0,0,-5,5
0.1001427173614502,0,0,0,0
0.10013341903686523,0,0,0,0
0.10013556480407715,0,0,0,0
0.10012531280517578,0,0,0,0
0.10013747215270996,0,0,0,0
0.10012531280517578,0,0,0,0
0.10013389587402344,0,0,0,0
0.1001434326171875,0,0,0,0
0.10013794898986816,0,0,0,0
0.10013055801391602,1,1,0,0
0.10014629364013672,1,1,5,5
0.10013914108276367,2,2,5,5
0.10013484954833984,2,2,10,10
0.10013771057128906,3,3,10,10
0.1001288890838623,4,4,15,15
0.10013127326965332,4,4,20,20
0.10012483596801758,5,5,20,20
0.10013747215270996,6,6,25,25
0.10012412071228027,7,7,30,30
0.10012578964233398,8,8,35,35
0.10013628005981445,9,9,40,40
0.10013437271118164,11,11,45,45
0.10013604164123535,12,12,55,55
0.1001424789428711,14,14,61,61
0.10013818740844727,16,16,70,70
0.10013651847839355,18,18,80,80
0.1001291275024414,20,20,90,90
0.10013484954833984,22,22,100,100
0.10013675689697266,25,25,110,110
0.10015749931335449,28,28,125,125
0.10013723373413086,31,31,139,139
0.100128173828125,34,34,157,157
0.10013604164123535,37,38,170,170
0.10010957717895508,40,42,185,190
0.10013127326965332,42,44,201,211
0.10013675689697266,42,45,209,219
0.10013532638549805,42,45,211,226
0.10013151168823242,41,45,211,226
0.10016703605651855,41,46,206,226
0.10012459754943848,41,45,204,229
0.10012674331665039,42,45,205,225
0.10013151168823242,42,45,210,225
0.10013651847839355,42,44,210,225
0.10012984275817871,43,44,210,220
0.10013628005981445,43,44,216,221
0.10013771057128906,43,44,215,220
0.1001284122467041,42,44,215,220
0.10013246536254883,42,45,211,221
0.10012626647949219,42,44,209,224
0.10013985633850098,43,44,210,220
0.10008430480957031,43,44,215,220
0.10013747215270996,43,44,216,221
0.10013222694396973,43,43,222,227
0.10013532638549805,43,43,210,210
0.10013437271118164,43,43,214,214
0.10012578964233398,43,43,214,214
0.10013556480407715,43,43,217,217
0.10013437271118164,43,43,216,216
0.10013771057128906,43,43,214,214
0.10014104843139648,43,43,216,216
0.10013747215270996,43,43,216,216
0.10013794898986816,43,43,215,215
0.10012555122375488,43,43,215,215
0.10013198852539062,43,43,216,216
0.10013651847839355,43,43,216,216
0.10013508796691895,43,43,214,214
0.10013723373413086,43,43,215,215
0.1001439094543457,43,43,215,215
0.1001272201538086,40,40,214,214
0.10013866424560547,36,36,201,201
0.10013604164123535,33,33,180,180
0.10013365745544434,30,30,165,165
0.10013508796691895,27,27,150,150
0.10013699531555176,24,24,135,135
0.10012531280517578,22,21,120,120
0.10013866424560547,20,19,110,105
0.10013103485107422,18,16,100,95
0.10012960433959961,16,14,90,80
0.10013818740844727,14,13,80,70
0.10013031959533691,12,11,70,65
0.10014486312866211,11,10,60,55
0.10013604164123535,10,8,55,50
0.10014605522155762,9,7,50,40
0.10013580322265625,10,8,45,35
0.10013890266418457,12,9,50,40
0.10013437271118164,14,10,60,45
0.10013961791992188,12,9,70,50
0.10013866424560547,10,8,60,45
0.10012674331665039,9,7,50,40
0.10013651847839355,7,6,45,35
0.10004925727844238,6,5,35,30
0.10012459754943848,7,6,30,25
0.10013794898986816,9,7,35,30
0.10013294219970703,7,6,45,35
0.10013628005981445,6,5,35,30
0.10013484954833984,5,5,30,25
0.10013389587402344,4,4,25,25
0.10012412071228027,5,5,20,20
0.10013794898986816,6,6,25,25
0.10013771057128906,5,5,30,30
0.10013508796691895,4,4,25,25
0.10013508796691895,3,3,20,20
0.10013914108276367,2,3,15,15
0.10012435913085938,2,2,10,15
0.1001276969909668,1,2,10,10
0.10014796257019043,0,2,5,10
0.10014033317565918,0,1,0,10
0.10013532638549805,-1,1,0,5
0.10013723373413086,-1,1,-5,5
0.10013055801391602,-2,2,-5,5
0.10013484954833984,-2,2,-10,10
0.10013151168823242,-3,3,-10,10
0.10012578964233398,-4,4,-15,15
0.10013866424560547,-5,5,-20,20
0.1001129150390625,-6,6,-25,25
0.10013461112976074,-7,7,-30,30
0.10013675689697266,-8,8,-35,35
0.100128173828125,-10,10,-40,40
0.10013818740844727,-10,10,-50,50
0.10013699531555176,-10,10,-50,50
0.10003972053527832,-10,10,-50,50
0.10013771057128906,-10,10,-50,50
0.10013532638549805,-10,10,-50,50
0.10013580322265625,-10,10,-50,50
0.10014176368713379,-10,10,-50,50
0.10013723373413086,-10,10,-50,50
0.10013771057128906,-10,10,-50,50
0.10012030601501465,-8,8,-50,50
0.10013508796691895,-7,7,-40,40
0.1001272201538086,-6,6,-35,35
0.10013556480407715,-5,5,-30,30
0.10013890266418457,-4,4,-25,25
0.1001274585723877,-3,3,-20,20
0.1002049446105957,-4,4,-15,15
0.10013151168823242,-5,5,-21,21
0.10015082359313965,-6,6,-24,24
0.10013127326965332,-7,7,-30,30
0.10013699531555176,-8,8,-35,35
0.10013628005981445,-10,10,-40,40
0.10013437271118164,-10,10,-50,50
0.10006427764892578,-10,10,-50,50
0.10013461112976074,-10,10,-50,50
0.10012435913085938,-10,10,-50,50
0.10028576850891113,-10,10,-50,50
0.1001291275024414,-10,10,-52,52
0.10013604164123535,-8,8,-48,48
0.10012936592102051,-7,7,-40,40
0.10014796257019043,-6,6,-35,35
0.1001288890838623,-5,5,-30,30
0.10013675689697266,-4,4,-25,25
0.10013580322265625,-3,3,-20,20
0.10013699531555176,-2,2,-15,15
0.10013723373413086,-2,2,-10,10
0.10012626647949219,-1,1,-10,10
0.10012292861938477,-1,1,-5,5
0.10013294219970703,0,1,-5,5
0.10013508796691895,0,1,0,5
0.10013079643249512,0,2,0,5
0.10012936592102051,1,2,0,10
0.10012459754943848,2,2,5,10
0.10013890266418457,3,3,10,10
0.1001284122467041,4,3,15,15
0.10013508796691895,5,4,20,15
0.10013628005981445,6,5,25,20
0.10013651847839355,7,5,30,25
0.10005784034729004,8,6,35,25
0.10013890266418457,9,7,40,30
0.10013723373413086,10,9,45,35
0.10013723373413086,12,10,50,45
0.10013842582702637,14,11,60,50
0.10013222694396973,16,13,70,55
0.10013723373413086,18,14,80,65
0.10013723373413086,20,15,90,70
0.10013127326965332,23,17,100,75
0.10009598731994629,26,19,115,85
0.10013508796691895,29,21,130,95
0.1001286506652832,31,24,144,104
0.10013651847839355,34,28,156,121
0.10013484954833984,36,31,171,141
0.10013890266418457,39,35,180,155
0.10013651847839355,43,38,195,175
0.10013651847839355,46,40,215,190
0.10013031959533691,47,40,231,201
0.10013842582702637,48,39,235,200
0.10013628005981445,49,38,240,195
0.10013675689697266,50,37,245,190
0.10013747215270996,51,36,250,185
0.10013771057128906,52,35,256,181
0.10013723373413086,53,33,260,175
0.100128173828125,52,35,265,165
0.10012388229370117,51,36,260,175
0.10012483596801758,50,37,255,180
0.10013079643249512,49,38,250,185
0.10013675689697266,48,39,245,190
0.10012602806091309,49,38,241,196
0.10014176368713379,50,37,245,190
0.10013628005981445,49,38,249,184
0.10013818740844727,48,39,247,191
0.10012555122375488,47,40,240,195
0.10011458396911621,46,40,235,200
0.10012555122375488,46,41,231,200
0.10014557838439941,45,41,230,205
0.10012936592102051,41,38,225,205
0.10013723373413086,37,35,205,190
0.10012555122375488,33,32,186,176
0.10013079643249512,30,29,165,160
0.10014820098876953,27,26,150,145
0.1001279354095459,24,24,134,130
0.10013961791992188,21,21,121,121
0.10013604164123535,19,19,105,105
0.10013675689697266,17,18,95,95
0.10013890266418457,15,16,85,90
0.10012602806091309,13,14,75,80
0.10013484954833984,11,13,65,70
0.10013556480407715,9,12,55,65
0.10012698173522949,7,11,45,60
0.10013437271118164,5,10,35,55
0.10025477409362793,4,10,25,50
0.10013532638549805,2,9,20,50
0.10013818740844727,0,9,10,45
0.10013365745544434,0,9,0,45
0.10013508796691895,-2,10,0,45
0.10012483596801758,-4,10,-10,50
0.10018277168273926,-6,11,-20,50
0.10013723373413086,-8,11,-30,55
0.10013699531555176,-7,9,-40,55
0.10013842582702637,-6,8,-35,45
0.10013675689697266,-5,6,-30,40
0.10013890266418457,-5,5,-25,30
0.10013699531555176,-4,4,-25,25
0.10012936592102051,-5,5,-20,20
0.10014533996582031,-6,6,-25,25
0.10013842582702637,-7,7,-30,30
0.10013914108276367,-8,8,-35,35
0.10013461112976074,-10,10,-40,40
0.10013890266418457,-10,10,-50,50
0.10013771057128906,-10,10,-50,50
0.10012507438659668,-10,10,-50,50
0.1001272201538086,-10,10,-50,50
0.10013628005981445,-8,8,-50,50
0.10013723373413086,-7,7,-40,40
0.1001424789428711,-6,6,-35,35
0.10013175010681152,-4,5,-30,30
0.10013723373413086,-3,5,-20,25
0.10013365745544434,-2,5,-15,25
0.10013842582702637,0,5,-10,25
0.10012435913085938,0,5,0,25
0.10013008117675781,1,5,0,25
0.10013890266418457,2,5,5,25
0.10012626647949219,3,5,10,25
0.10012602806091309,4,6,15,25
0.10013437271118164,5,7,20,30
0.10012960433959961,7,7,25,35
0.10012674331665039,8,8,35,35
0.10013437271118164,9,9,40,40
0.10013723373413086,11,11,45,45
0.10013699531555176,13,12,55,55
0.10013628005981445,15,13,65,60
0.100128173828125,17,15,75,65
0.10013675689697266,19,17,85,75
0.10012936592102051,21,19,95,85
0.10013365745544434,23,22,105,95
0.10013794898986816,26,24,116,111
0.10013437271118164,24,21,130,120
0.10013461112976074,22,19,120,105
0.10013794898986816,20,16,109,95
0.10013532638549805,22,18,101,81
0.10013580322265625,25,19,109,90
0.10012674331665039,29,21,126,96
0.10012316703796387,32,23,146,106
0.10012459754943848,36,25,159,115
0.10013413429260254,40,28,180,125
0.10013413429260254,45,30,200,140
0.1001291275024414,50,32,225,150
0.10012006759643555,53,33,250,160
0.10012984275817871,48,31,265,165
0.1001431941986084,43,29,241,156
0.10013508796691895,39,26,217,146
0.1001286506652832,37,22,193,129
0.10013651847839355,35,18,185,110
0.10012650489807129,34,14,175,90
0.1001279354095459,32,11,170,70
0.10013842582702637,34,14,161,55
0.10013818740844727,37,17,170,70
0.10012507438659668,40,19,185,85
0.1001284122467041,41,24,201,95
0.10013651847839355,43,29,205,120
0.10011601448059082,46,33,214,144
0.10012698173522949,49,38,231,166
0.1000974178314209,48,39,245,190
0.10013914108276367,47,40,240,195
0.1001286506652832,42,37,235,200
0.10013794898986816,38,34,211,186
0.10013580322265625,35,31,190,170
0.10012507438659668,31,28,175,155
0.10013771057128906,28,25,155,140
0.1001284122467041,25,23,141,126
0.1001276969909668,22,21,125,115
0.10013365745544434,20,19,110,105
0.1001589298248291,17,17,100,95
0.10013747215270996,15,15,85,85
0.10013794898986816,13,14,76,76
0.1001276969909668,11,12,65,70
0.10013842582702637,10,11,55,60
0.10012364387512207,8,10,50,55
0.1001288890838623,7,9,40,50
0.100128173828125,5,8,35,45
0.10008406639099121,4,8,25,40
0.10011911392211914,2,7,20,40
0.10013318061828613,1,7,10,35
0.10012984275817871,0,7,5,35
0.10016632080078125,-1,7,0,35
0.1001291275024414,-2,7,-5,35
0.10013723373413086,-4,8,-10,35
0.100128173828125,-6,8,-20,40
0.10013818740844727,-7,9,-30,40
0.10013747215270996,-9,10,-35,45
0.10013890266418457,-10,10,-45,50
0.10013651847839355,-10,10,-50,50
0.10013484954833984,-10,10,-51,51
0.10012483596801758,-10,10,-49,49
0.10013389587402344,-10,10,-50,50
0.10013675689697266,-10,10,-50,50
0.10013818740844727,-10,10,-50,50
0.10013508796691895,-10,10,-50,50
0.10013127326965332,-10,10,-50,50
0.10013651847839355,-10,10,-50,50
0.10013580322265625,-10,10,-50,50
0.10013008117675781,-10,10,-50,50
0.10014629364013672,-10,10,-50,50
0.10013675689697266,-10,10,-50,50
0.10012984275817871,-10,10,-50,50
0.10013461112976074,-10,10,-50,50
0.10013318061828613,-10,10,-52,52
0.10012602806091309,-10,10,-48,48
0.1000981330871582,-10,10,-50,50
0.10013675689697266,-10,10,-50,50
0.10013628005981445,-8,9,-50,50
0.10013842582702637,-6,8,-40,45
0.10013270378112793,-4,7,-30,40
0.10013675689697266,-3,7,-20,35
0.10014176368713379,-1,7,-15,35
0.10014510154724121,0,6,-5,35
0.10013365745544434,1,6,0,30
0.10010409355163574,2,7,5,30
0.10013818740844727,3,7,10,35
0.10013079643249512,5,8,15,35
0.10013675689697266,6,8,25,40
0.10013031959533691,7,9,30,40
0.10014057159423828,9,10,35,45
0.10013580322265625,8,9,45,50
0.10012650489807129,7,7,40,45
0.10014486312866211,6,6,35,35
0.1001577377319336,5,5,30,30
0.10006308555603027,4,4,25,25
0.10013771057128906,4,4,20,20
0.1001291275024414,3,3,20,20
0.10013389587402344,4,4,15,15
0.10013556480407715,4,4,20,20
0.10013628005981445,5,5,20,20
0.1001284122467041,6,6,25,25
0.10013341903686523,7,7,30,30
0.10013055801391602,8,8,35,35
0.10013437271118164,9,9,40,40
0.10013604164123535,11,11,45,45
0.10012221336364746,12,12,55,55
0.10012507438659668,14,14,60,60
0.10014533996582031,12,12,70,70
0.10013651847839355,11,11,60,60
0.10013628005981445,9,9,56,56
0.10013604164123535,8,8,45,45
0.10014700889587402,7,7,40,40
0.10012674331665039,6,6,35,35
0.10013961791992188,5,5,30,30
0.10013175010681152,4,4,25,25
0.10013484954833984,4,4,20,20
0.10013508796691895,3,3,20,20
0.10013461112976074,2,2,15,15
0.10013723373413086,3,3,10,10
0.10013842582702637,4,4,15,15
0.10012531280517578,3,3,20,20
0.10013580322265625,3,2,15,15
0.10013818740844727,2,1,15,10
0.10013079643249512,2,0,10,5
0.10014510154724121,2,0,10,0
0.10017156600952148,2,-1,10,0
0.10013771057128906,1,-1,10,-5
0.10013318061828613,2,-2,5,-5
0.10013413429260254,2,-2,10,-10
0.10013461112976074,3,-3,10,-10
0.10013556480407715,4,-4,15,-15
0.10012292861938477,5,-5,20,-20
0.10013365745544434,6,-6,25,-25
0.10006833076477051,7,-6,30,-30
0.10013723373413086,7,-5,35,-30
0.10013341903686523,5,-4,35,-25
0.10014176368713379,4,-4,25,-20
0.10013532638549805,3,-3,20,-20
0.10012602806091309,2,-2,15,-15
0.10013675689697266,2,-2,10,-10
0.10013794898986816,1,-1,10,-10
0.10013508796691895,2,-1,5,-5
0.10013675689697266,2,0,10,-5
0.10013628005981445,3,0,10,0
0.10013675689697266,5,0,15,0
0.10013651847839355,6,0,25,0
0.10013890266418457,7,-1,30,0
0.10015010833740234,9,-1,35,-5
0.100128173828125,7,-1,45,-5
0.10013604164123535,6,0,36,-5
0.10013794898986816,6,0,30,0
0.10013318061828613,6,1,30,0
0.10013818740844727,6,2,30,5
0.10013484954833984,7,4,30,10
0.10013866424560547,7,5,35,20
0.10013580322265625,8,6,35,25
0.100128173828125,9,8,40,30
0.10013532638549805,10,9,45,40
0.10013175010681152,8,8,50,45
0.10013747215270996,7,7,40,40
0.1001276969909668,6,6,35,35
0.10013341903686523,5,5,30,30
0.10014796257019043,4,4,25,25
0.10014104843139648,4,4,20,20
0.10013175010681152,3,3,20,20
0.10013103485107422,2,2,15,15
0.1000821590423584,3,3,10,10
0.10016036033630371,2,2,15,15
0.10012459754943848,2,2,10,10
0.10012650489807129,1,1,10,10
0.10013508796691895,1,1,5,5
0.10013985633850098,0,0,5,5
0.10013532638549805,0,0,0,0
0.10013675689697266,0,0,0,0
0.10014605522155762,0,0,0,0
0.10013699531555176,0,0,0,0
0.10013604164123535,0,0,0,0
0.10013437271118164,0,0,0,0
0.10013127326965332,0,0,0,0
0.10012698173522949,0,0,0,0
0.10073304176330566,0,0,0,0
0.1001286506652832,0,0,0,0
0.1001284122467041,0,0,0,0
0.1001279354095459,0,0,0,0
0.1001284122467041,0,0,0,0
0.10014605522155762,0,0,0,0
0.10013580322265625,0,0,0,0
0.10012435913085938,0,0,0,0
0.10013294219970703,0,0,0,0
0.10012674331665039,0,0,0,0
0.10013508796691895,0,0,0,0
0.1001424789428711,0,0,0,0
0.10014152526855469,0,0,0,0
0.10013628005981445,0,0,0,0
0.10014009475708008,0,0,0,0
0.10013413429260254,0,0,0,0
0.10013628005981445,0,0,0,0
0.10013651847839355,0,0,0,0
0.10012626647949219,0,0,0,0
0.10013604164123535,0,0,0,0
0.1001284122467041,0,0,0,0
0.10013747215270996,0,0,0,0
0.10013699531555176,0,0,0,0
0.10013031959533691,0,0,0,0
0.10013580322265625,0,0,0,0
0.10013699531555176,0,0,0,0
0.10013747215270996,0,0,0,0
0.100128173828125,0,0,0,0
0.10013842582702637,0,0,0,0
